  l    h                 k                   l
************************************************
  0  -0.13273           0.                   0.
  1  -0.28796165358324  0.    1.0283235526008D-01
  2  -0.99015777857079  -0.30252982142510    2.3882296795977D-02
  3   -1.0499804506108  -0.19413374466744    6.9842389427609D-02
  4   -1.0530577076286  -0.13232011156270    5.8414556402486D-02
  5   -1.0862202513055   -1.0367909816775D-01    4.5882985026642D-02
  6   -1.1437960758344   -8.9497417870591D-02    3.8323239093888D-02
  7   -1.2122388695440   -8.1354654645797D-02    3.3958841392676D-02
  8   -1.2835813050683   -7.5926033358007D-02    3.1255814553650D-02
  9   -1.3541272940736   -7.1873503233373D-02    2.9422822139373D-02
  10   -1.4224009012792   -6.8618555740821D-02    2.8087652859918D-02
  11   -1.4879203781027   -6.5882299566456D-02    2.7069537929791D-02
  12   -1.5505984806631   -6.3511848720093D-02    2.6270514033631D-02
  13   -1.6104826419894   -6.1412900063622D-02    2.5629672874235D-02
  14   -1.6676551014110   -5.9522054212945D-02    2.5104749814806D-02
  15   -1.7222006224028   -5.7794355476601D-02    2.4664550240002D-02
  16   -1.7741996741891   -5.6196949962888D-02    2.4285477592323D-02
  17   -1.8237296367900   -5.4705420832743D-02    2.3949617574587D-02
  18   -1.8708675200990   -5.3301441302463D-02    2.3643463784864D-02
  19   -1.9156921305893   -5.1971164353756D-02    2.3356962543399D-02
  20   -1.9582852691282   -5.0704071384917D-02    2.3082758419285D-02
  21   -1.9987320780548   -4.9492129335240D-02    2.2815589108254D-02
  22   -2.0371207784077   -4.8329165258154D-02    2.2551800245203D-02
  23   -2.0735420247792   -4.7210398653194D-02    2.2288958647695D-02
  24   -2.1080880569068   -4.6132090293221D-02    2.2025546345142D-02
  25   -2.1408517774697   -4.5091278055365D-02    2.1760720477418D-02
  26   -2.1719258441853   -4.4085578209763D-02    2.1494126476252D-02
  27   -2.2014018322703   -4.3113036186559D-02    2.1225754018345D-02
  28   -2.2293694996134   -4.2172014842020D-02    2.0955827062500D-02
  29   -2.2559161699360   -4.1261111166778D-02    2.0684720856165D-02
  30   -2.2811262373890   -4.0379094553566D-02    2.0412900129312D-02
  31   -2.3050807880979   -3.9524861374897D-02    2.0140873811650D-02
  32   -2.3278573293344   -3.8697401852801D-02    1.9869162530942D-02
  33   -2.3495296141972   -3.7895776154970D-02    1.9598275914129D-02
  34   -2.3701675486079   -3.7119097367896D-02    1.9328697329626D-02
  35   -2.3898371673078   -3.6366519560332D-02    1.9060874215953D-02
  36   -2.4086006661692   -3.5637229579375D-02    1.8795212546286D-02
  37   -2.4265164792493   -3.4930441549540D-02    1.8532074303894D-02
  38   -2.4436393902594   -3.4245393302804D-02    1.8271777103480D-02
  39   -2.4600206694677   -3.3581344165533D-02    1.8014595299425D-02
  40   -2.4757082285211   -3.2937573669332D-02    1.7760762081758D-02
  41   -2.4907467867851   -3.2313380879419D-02    1.7510472189341D-02
  42   -2.5051780441115   -3.1708084108422D-02    1.7263884966650D-02
  43   -2.5190408559109   -3.1121020856246D-02    1.7021127565594D-02
  44   -2.5323714072429   -3.0551547864441D-02    1.6782298154960D-02
  45   -2.5452033835362   -2.9999041206777D-02    1.6547469038410D-02
  46   -2.5575681360430   -2.9462896366084D-02    1.6316689620583D-02
  47   -2.5694948407486   -2.8942528266341D-02    1.6089989181477D-02
  48   -2.5810106498544   -2.8437371243439D-02    1.5867379437582D-02
  49   -2.5921408352772   -2.7946878945822D-02    1.5648856883066D-02
  50   -2.6029089238891   -2.7470524163820D-02    1.5434404911005D-02
  51   -2.6133368244450   -2.7007798593548D-02    1.5223995721125D-02
  52   -2.6234449462797   -2.6558212533623D-02    1.5017592025548D-02
  53   -2.6332523099300   -2.6121294533194D-02    1.4815148566542D-02
  54   -2.6427766501024   -2.5696590987031D-02    1.4616613457393D-02
  55   -2.6520345111405   -2.5283665693498D-02    1.4421929366473D-02
  56   -2.6610413355216   -2.4882099384615D-02    1.4231034554309D-02
  57   -2.6698115457425   -2.4491489222546D-02    1.4043863780455D-02
  58   -2.6783586199532   -2.4111448289186D-02    1.3860349093391D-02
  59   -2.6866951618011   -2.3741605055367D-02    1.3680420515242D-02
  60   -2.6948329648803   -2.3381602846450D-02    1.3504006633138D-02
  61   -2.7027830720981   -2.3031099308479D-02    1.3331035108723D-02
  62   -2.7105558304609   -2.2689765868725D-02    1.3161433113436D-02
  63   -2.7181609414844   -2.2357287209786D-02    1.2995127700335D-02
  64   -2.7256075076575   -2.2033360742704D-02    1.2832046119129D-02
  65   -2.7329040752065   -2.1717696098459D-02    1.2672116081873D-02
  66   -2.7400586735594   -2.1410014623085D-02    1.2515265983913D-02
  67   -2.7470788515647   -2.1110048892285D-02    1.2361425089464D-02
  68   -2.7539717110001   -2.0817542235179D-02    1.2210523681679D-02
  69   -2.7607439373411   -2.0532248277529D-02    1.2062493186052D-02
  70   -2.7674018281899   -2.0253930495829D-02    1.1917266267674D-02
  71   -2.7739513194504   -1.9982361790370D-02    1.1774776907934D-02
  72   -2.7803980094544   -1.9717324074574D-02    1.1634960463233D-02
  73   -2.7867471813019   -1.9458607878598D-02    1.1497753706170D-02
  74   -2.7930038234188   -1.9206011968710D-02    1.1363094854878D-02
  75   -2.7991726485734   -1.8959342983264D-02    1.1230923590290D-02
  76   -2.8052581114548   -1.8718415086151D-02    1.1101181063559D-02
  77   -2.8112644249465   -1.8483049631447D-02    1.0973809895186D-02
  78   -2.8171955751369   -1.8253074843620D-02    1.0848754168193D-02
  79   -2.8230553353017   -1.8028325517791D-02    1.0725959413839D-02
  80   -2.8288472788717   -1.7808642723669D-02    1.0605372593268D-02
  81   -2.8345747913097   -1.7593873530590D-02    1.0486942077406D-02
  82   -2.8402410813595   -1.7383870743627D-02    1.0370617620031D-02
  83   -2.8458491913153   -1.7178492653025D-02    1.0256350331808D-02
  84   -2.8514020067068   -1.6977602791009D-02    1.0144092650052D-02
  85   -2.8569022652469   -1.6781069703423D-02    1.0033798307921D-02
  86   -2.8623525651894   -1.6588766734122D-02    9.9254223033133D-03
  87   -2.8677553731138   -1.6400571817345D-02    9.8189208658135D-03
  88   -2.8731130312155   -1.6216367276520D-02    9.7142514242587D-03
  89   -2.8784277640719   -1.6036039641632D-02    9.6113725741124D-03
  90   -2.8837016850510   -1.5859479466114D-02    9.5102440438111D-03
  91   -2.8889368022767   -1.5686581156322D-02    9.4108266625503D-03
  92   -2.8941350241301   -1.5517242815006D-02    9.3130823286221D-03
  93   -2.8992981646345   -1.5351366077668D-02    9.2169739761694D-03
  94   -2.9044279481747   -1.5188855973237D-02    9.1224655466289D-03
  95   -2.9095260143308   -1.5029620779848D-02    9.0295219555469D-03
  96   -2.9145939220985   -1.4873571892672D-02    8.9381090644306D-03
  97   -2.9196331540105   -1.4720623696408D-02    8.8481936516460D-03
  98   -2.9246451200366   -1.4570693446888D-02    8.7597433836599D-03
  99   -2.9296311611448   -1.4423701148263D-02    8.6727267887082D-03
  100   -2.9345925528310   -1.4279569451636D-02    8.5871132289244D-03
  101   -2.9395305083337   -1.4138223546433D-02    8.5028728753848D-03
  102   -2.9444461816654   -1.3999591057251D-02    8.4199766832379D-03
  103   -2.9493406705137   -1.3863601955040D-02    8.3383963678979D-03
  104   -2.9542150191249   -1.3730188458764D-02    8.2581043802127D-03
  105   -2.9590702207122   -1.3599284955160D-02    8.1790738858104D-03
  106   -2.9639072200622   -1.3470827912502D-02    8.1012787423739D-03
  107   -2.9687269157991   -1.3344755799426D-02    8.0246934790436D-03
  108   -2.9735301626941   -1.3221009014227D-02    7.9492932751749D-03
  109   -2.9783177736096   -1.3099529807891D-02    7.8750539429145D-03
  110   -2.9830905217162   -1.2980262217420D-02    7.8019519054691D-03
  111   -2.9878491422736   -1.2863151996919D-02    7.7299641805440D-03
  112   -2.9925943343821   -1.2748146562864D-02    7.6590683632968D-03
  113   -2.9973267628369   -1.2635194920613D-02    7.5892426078115D-03
  114   -3.0020470596816   -1.2524247616128D-02    7.5204656114800D-03
  115   -3.0067558258063   -1.2415256678785D-02    7.4527165991287D-03
  116   -3.0114536324313   -1.2308175561981D-02    7.3859753072355D-03
  117   -3.0161410223696   -1.2202959105803D-02    7.3202219707908D-03
  118   -3.0208185116373   -1.2099563472287D-02    7.2554373067472D-03
  119   -3.0254865905243   -1.1997946112150D-02    7.1916025014512D-03
  120   -3.0301457248350   -1.1898065712061D-02    7.1286991979307D-03
  121   -3.0347963573063   -1.1799882148428D-02    7.0667094801158D-03
  122   -3.0394389081261   -1.1703356464701D-02    7.0056158660878D-03
  123   -3.0440737766899   -1.1608450807048D-02    6.9454012893507D-03
  124   -3.0487013421136   -1.1515128403902D-02    6.8860490917432D-03
  125   -3.0533219645081   -1.1423353518220D-02    6.8275430092580D-03
  126   -3.0579359854817   -1.1333091426014D-02    6.7698671652131D-03
  127   -3.0625437295010   -1.1244308373365D-02    6.7130060542973D-03
  128   -3.0671455043882   -1.1156971537820D-02    6.6569445364189D-03
  129   -3.0717416021278   -1.1071049013110D-02    6.6016678262877D-03
  130   -3.0763322998864   -1.0986509768333D-02    6.5471614805805D-03
  131   -3.0809178603204   -1.0903323623738D-02    6.4934113937712D-03
  132   -3.0854985326611   -1.0821461219398D-02    6.4404037841606D-03
  133   -3.0900745531091   -1.0740893990374D-02    6.3881251886965D-03
  134   -3.0946461455309   -1.0661594141438D-02    6.3365624523132D-03
  135   -3.0992135220953   -1.0583534624996D-02    6.2857027209005D-03
  136   -3.1037768837327   -1.0506689112923D-02    6.2355334329642D-03
  137   -3.1083364207928   -1.0431031975909D-02    6.1860423117081D-03
  138   -3.1128923134170   -1.0356538261862D-02    6.1372173580871D-03
  139   -3.1174447322419   -1.0283183668325D-02    6.0890468424288D-03
  140   -3.1219938385718   -1.0210944537868D-02    6.0415192987859D-03
  141   -3.1265397850972   -1.0139797819519D-02    5.9946235165244D-03
  142   -3.1310827162413   -1.0069721062247D-02    5.9483485342771D-03
  143   -3.1356227683959   -1.0000692389317D-02    5.9026836345986D-03
  144   -3.1401600703961   -9.9326904906951D-03    5.8576183363802D-03
  145   -3.1446947440758   -9.8656945913411D-03    5.8131423884950D-03
  146   -3.1492269044595   -9.7996844468365D-03    5.7692457637187D-03
  147   -3.1537566599487   -9.7346403223340D-03    5.7259186550710D-03
  148   -3.1582841127750   -9.6705429800267D-03    5.6831514687670D-03
  149   -3.1628093595833   -9.6073736622360D-03    5.6409348159170D-03
  150   -3.1673324909119   -9.5451140746162D-03    5.5992595149218D-03
  151   -3.1718535926099   -9.4837463755273D-03    5.5581165760814D-03
  152   -3.1763727449911   -9.4232531670237D-03    5.5174972057145D-03
  153   -3.1808900237824   -9.3636174708861D-03    5.4773927955302D-03
  154   -3.1854055001713   -9.3048227301403D-03    5.4377949199082D-03
  155   -3.1899192407299   -9.2468527796402D-03    5.3986953333464D-03
  156   -3.1944313083960   -9.1896918516826D-03    5.3600859592379D-03
  157   -3.1989417614909   -9.1333245531002D-03    5.3219588962640D-03
  158   -3.2034506552670   -9.0777358653763D-03    5.2843064019059D-03
  159   -3.2079580408038   -9.0229111177211D-03    5.2471208997346D-03
  160   -3.2124639663154   -8.9688359954900D-03    5.2103949655675D-03
  161   -3.2169684765016   -8.9154965095879D-03    5.1741213308171D-03
  162   -3.2214716130062   -8.8628790137020D-03    5.1382928752528D-03
  163   -3.2259734146325   -8.8109701703458D-03    5.1029026235529D-03
  164   -3.2304739172531   -8.7597569509018D-03    5.0679437439914D-03
  165   -3.2349731545322   -8.7092266339195D-03    5.0334095386245D-03
  166   -3.2394711568615   -8.6593667881392D-03    4.9992934511318D-03
  167   -3.2439679529961   -8.6101652641383D-03    4.9655890506141D-03
  168   -3.2484635689622   -8.5616101929926D-03    4.9322900377850D-03
  169   -3.2529580287725   -8.5136899701702D-03    4.8993902378190D-03
  170   -3.2574513541748   -8.4663932617443D-03    4.8668835993176D-03
  171   -3.2619435654200   -8.4197089810947D-03    4.8347641864917D-03
  172   -3.2664346804530   -8.3736262890075D-03    4.8030261835682D-03
  173   -3.2709247155761   -8.3281345907893D-03    4.7716638868446D-03
  174   -3.2754136853817   -8.2832235290022D-03    4.7406717037267D-03
  175   -3.2799016028855   -8.2388829663447D-03    4.7100441496152D-03
  176   -3.2843884794124   -8.1951029960579D-03    4.6797758461107D-03
  177   -3.2888743252703   -8.1518739204849D-03    4.6498615154959D-03
  178   -3.2933591486248   -8.1091862664866D-03    4.6202959850107D-03
  179   -3.2978429572120   -8.0670307444201D-03    4.5910741745519D-03
  180   -3.3023257565368   -8.0253982895965D-03    4.5621911061784D-03
  181   -3.3068075516672   -7.9842800063461D-03    4.5336418907395D-03
  182   -3.3112883463797   -7.9436672072306D-03    4.5054217309234D-03
  183   -3.3157681429441   -7.9035513891796D-03    4.4775259220537D-03
  184   -3.3202469429434   -7.8639242144802D-03    4.4499498440364D-03
  185   -3.3247247470276   -7.8247775379605D-03    4.4226889614926D-03
  186   -3.3292015545255   -7.7861033727560D-03    4.3957388252920D-03
  187   -3.3336773643834   -7.7478939071338D-03    4.3690950633705D-03
  188   -3.3381521742807   -7.7101414838426D-03    4.3427533863991D-03
  189   -3.3426259809986   -7.6728386128965D-03    4.3167095830436D-03
  190   -3.3470987809731   -7.6359779478706D-03    4.2909595147919D-03
  191   -3.3515705697337   -7.5995523040820D-03    4.2654991183720D-03
  192   -3.3560413417160   -7.5635546377588D-03    4.2403244056306D-03
  193   -3.3605110910097   -7.5279780507131D-03    4.2154314568377D-03
  194   -3.3649798113239   -7.4928157771449D-03    4.1908164199747D-03
  195   -3.3694474952756   -7.4580611992459D-03    4.1664755133773D-03
  196   -3.3739141348684   -7.4237078192261D-03    4.1424050222950D-03
  197   -3.3783797219272   -7.3897492794901D-03    4.1186012936918D-03
  198   -3.3828442473712   -7.3561793459180D-03    4.0950607404631D-03
  199   -3.3873077020925   -7.3229919044230D-03    4.0717798338317D-03
  200   -3.3917700758895   -7.2901809615176D-03    4.0487551100738D-03
  201   -3.3962313587102   -7.2577406489124D-03    4.0259831599729D-03
  202   -3.4006915393418   -7.2256652050170D-03    4.0034606372987D-03
  203   -3.4051506066922   -7.1939489834144D-03    3.9811842487667D-03
  204   -3.4096085490781   -7.1625864432814D-03    3.9591507578938D-03
  205   -3.4140653544530   -7.1315721576717D-03    3.9373569818626D-03
  206   -3.4185210104254   -7.1009008033638D-03    3.9157997910302D-03
  207   -3.4229755042575   -7.0705671474148D-03    3.8944761076221D-03
  208   -3.4274288225702   -7.0405660743913D-03    3.8733829065213D-03
  209   -3.4318809524620   -7.0108925482157D-03    3.8525172076888D-03
  210   -3.4363318796142   -6.9815416407685D-03    3.8318760859279D-03
  211   -3.4407815900543   -6.9525085119058D-03    3.8114566604206D-03
  212   -3.4452300697789   -6.9237884115411D-03    3.7912560956347D-03
  213   -3.4496773040530   -6.8953766813845D-03    3.7712716035972D-03
  214   -3.4541232779099   -6.8672687428888D-03    3.7515004422476D-03
  215   -3.4585679763258   -6.8394601088517D-03    3.7319399114383D-03
  216   -3.4630113841231   -6.8119463778170D-03    3.7125873536268D-03
  217   -3.4674534853615   -6.7847232145098D-03    3.6934401565880D-03
  218   -3.4718942644942   -6.7577863831043D-03    3.6744957458593D-03
  219   -3.4763337054736   -6.7311317089649D-03    3.6557515889477D-03
  220   -3.4807717923668   -6.7047550920807D-03    3.6372051912848D-03
  221   -3.4852085084294   -6.6786525318774D-03    3.6188541003579D-03
  222   -3.4896438379647   -6.6528200504594D-03    3.6006958954590D-03
  223   -3.4940777630227   -6.6272538025887D-03    3.5827282040201D-03
  224   -3.4985102674936   -6.6019499630467D-03    3.5649486792507D-03
  225   -3.5029413345199   -6.5769048015084D-03    3.5473550130308D-03
  226   -3.5073709464900   -6.5521146365815D-03    3.5299449367956D-03
  227   -3.5117990865729   -6.5275758621822D-03    3.5127162100695D-03
  228   -3.5162257368695   -6.5032849393315D-03    3.4956666317509D-03
  229   -3.5206508799571   -6.4792383786643D-03    3.4787940307293D-03
  230   -3.5250744986239   -6.4554327559319D-03    3.4620962665896D-03
  231   -3.5294965743860   -6.4318647168961D-03    3.4455712365720D-03
  232   -3.5339170899221   -6.4085309501392D-03    3.4292168625159D-03
  233   -3.5383360271799   -6.3854282093707D-03    3.4130311006623D-03
  234   -3.5427533676387   -6.3625533086286D-03    3.3970119387400D-03
  235   -3.5471690940615   -6.3399031011748D-03    3.3811573868877D-03
  236   -3.5515831870347   -6.3174745098145D-03    3.3654654952467D-03
  237   -3.5559956291109   -6.2952644988975D-03    3.3499343321219D-03
  238   -3.5604064014023   -6.2732700987193D-03    3.3345619995933D-03
  239   -3.5648154858161   -6.2514883729569D-03    3.3193466237428D-03
  240   -3.5692228635962   -6.2299164357594D-03    3.3042863601466D-03
  241   -3.5736285160822   -6.2085514641440D-03    3.2893793898494D-03
  242   -3.5780324249096   -6.1873906715971D-03    3.2746239182859D-03
  243   -3.5824345710736   -6.1664313139448D-03    3.2600181791851D-03
  244   -3.5868349358891   -6.1456707094426D-03    3.2455604288757D-03
  245   -3.5912335004896   -6.1251061972787D-03    3.2312489495740D-03
  246   -3.5956302465299   -6.1047351800064D-03    3.2170820445883D-03
  247   -3.6000251548429   -6.0845550883240D-03    3.2030580445875D-03
  248   -3.6044182060089   -6.0645634086598D-03    3.1891753045067D-03
  249   -3.6088093818630   -6.0447576661512D-03    3.1754321959211D-03
  250   -3.6131986632329   -6.0251354082249D-03    3.1618271178641D-03
  251   -3.6175860306939   -6.0056942474648D-03    3.1483584917300D-03
  252   -3.6219714658165   -5.9864318102708D-03    3.1350247564830D-03
  253   -3.6263549487867   -5.9673457863427D-03    3.1218243785183D-03
  254   -3.6307364617302   -5.9484338847619D-03    3.1087558355242D-03
  255   -3.6351159845890   -5.9296938532097D-03    3.0958176367452D-03
  256   -3.6394934989426   -5.9111234758238D-03    3.0830083032773D-03
  257   -3.6438689853994   -5.8927205882634D-03    3.0703263807039D-03
  258   -3.6482424245192   -5.8744830294697D-03    3.0577704345720D-03
  259   -3.6526137983521   -5.8564086979812D-03    3.0453390422581D-03
  260   -3.6569830869172   -5.8384955189325D-03    3.0330308096255D-03
  261   -3.6613502713418   -5.8207414385572D-03    3.0208443563229D-03
  262   -3.6657153324423   -5.8031444447043D-03    3.0087783212916D-03
  263   -3.6700782512834   -5.7857025673115D-03    2.9968313600128D-03
  264   -3.6744390091426   -5.7684138432688D-03    2.9850021454089D-03
  265   -3.6787975858946   -5.7512763625491D-03    2.9732893739533D-03
  266   -3.6831539639872   -5.7342882225827D-03    2.9616917469487D-03
  267   -3.6875081234876   -5.7174475606776D-03    2.9502079945026D-03
  268   -3.6918600460897   -5.7007525615440D-03    2.9388368547814D-03
  269   -3.6962097120962   -5.6842013956137D-03    2.9275770894993D-03
  270   -3.7005571029275   -5.6677923002074D-03    2.9164274708131D-03
  271   -3.7049021994707   -5.6515235104518D-03    2.9053867898711D-03
  272   -3.7092449833703   -5.6353933196617D-03    2.8944538488217D-03
  273   -3.7135854353527   -5.6194000142396D-03    2.8836274707080D-03
  274   -3.7179235370617   -5.6035419258857D-03    2.8729064880159D-03
  275   -3.7222592686552   -5.5878174042068D-03    2.8622897567108D-03
  276   -3.7265926126045   -5.5722248290400D-03    2.8517761355182D-03
  277   -3.7309235490449   -5.5567625904740D-03    2.8413645086741D-03
  278   -3.7352520599750   -5.5414291274071D-03    2.8310537663105D-03
  279   -3.7395781269925   -5.5262228729349D-03    2.8208428142578D-03
  280   -3.7439017314697   -5.5111423059611D-03    2.8107305734454D-03
  281   -3.7482228543975   -5.4961859175582D-03    2.8007159798880D-03
  282   -3.7525414767427   -5.4813522290655D-03    2.7907979833480D-03
  283   -3.7568575808821   -5.4666397597410D-03    2.7809755403639D-03
  284   -3.7611711487280   -5.4520470818791D-03    2.7712476225599D-03
  285   -3.7654821617243   -5.4375727705819D-03    2.7616132167010D-03
  286   -3.7697905998406   -5.4232154211428D-03    2.7520713285826D-03
  287   -3.7740964473014   -5.4089736581711D-03    2.7426209578711D-03
  288   -3.7783996840187   -5.3948461209290D-03    2.7332611351680D-03
  289   -3.7827002939768   -5.3808314583379D-03    2.7239908860401D-03
  290   -3.7869982557679   -5.3669283665170D-03    2.7148092706002D-03
  291   -3.7912935538726   -5.3531355308307D-03    2.7057153360417D-03
  292   -3.7955861697532   -5.3394516687445D-03    2.6967081538506D-03
  293   -3.7998760851726   -5.3258755096713D-03    2.6877868057674D-03
  294   -3.8041632824528   -5.3124058093236D-03    2.6789503822972D-03
  295   -3.8084477439312   -5.2990413440785D-03    2.6701979853271D-03
  296   -3.8127294515811   -5.2857808874903D-03    2.6615287290670D-03
  297   -3.8170083869496   -5.2726232562873D-03    2.6529417402428D-03
  298   -3.8212845334551   -5.2595672580303D-03    2.6444361490408D-03
  299   -3.8255578738601   -5.2466117358470D-03    2.6360110978067D-03
  300   -3.8298283893524   -5.2337555512232D-03    2.6276657471473D-03
  301   -3.8340960634729   -5.2209975659168D-03    2.6193992573674D-03
  302   -3.8383608779687   -5.2083366556598D-03    2.6112108065496D-03
  303   -3.8426228167620   -5.1957717347805D-03    2.6030995736238D-03
  304   -3.8468818609597   -5.1833017197930D-03    2.5950647592168D-03
  305   -3.8511379945863   -5.1709255208638D-03    2.5871055618598D-03
  306   -3.8553912011013   -5.1586421098657D-03    2.5792211912304D-03
  307   -3.8596414624093   -5.1464504163605D-03    2.5714108737692D-03
  308   -3.8638887621497   -5.1343494388840D-03    2.5636738376593D-03
  309   -3.8681330819891   -5.1223381619996D-03    2.5560093281004D-03
  310   -3.8723744064638   -5.1104155795602D-03    2.5484165883058D-03
  311   -3.8766127190252   -5.0985806978895D-03    2.5408948750671D-03
  312   -3.8808480024596   -5.0868325684557D-03    2.5334434557363D-03
  313   -3.8850802395985   -5.0751702208209D-03    2.5260616068527D-03
  314   -3.8893094153404   -5.0635926983151D-03    2.5187486057025D-03
  315   -3.8935355125761   -5.0520990798387D-03    2.5115037455674D-03
  316   -3.8977585146178   -5.0406884490745D-03    2.5043263259571D-03
  317   -3.9019784053993   -5.0293598827903D-03    2.4972156537334D-03
  318   -3.9061951689422   -5.0181124888209D-03    2.4901710421709D-03
  319   -3.9104087885551   -5.0069453964027D-03    2.4831918163258D-03
  320   -3.9146192488099   -4.9958577168853D-03    2.4762773040269D-03
  321   -3.9188265336794   -4.9848485995446D-03    2.4694268427705D-03
  322   -3.9230306269715   -4.9739171815308D-03    2.4626397797184D-03
  323   -3.9272315139723   -4.9630626331939D-03    2.4559154632571D-03
  324   -3.9314291764037   -4.9522841269471D-03    2.4492532627297D-03
  325   -3.9356236013469   -4.9415808550303D-03    2.4426525351401D-03
  326   -3.9398147733056   -4.9309519931778D-03    2.4361126546385D-03
  327   -3.9440026733806   -4.9203967538635D-03    2.4296330152512D-03
  328   -3.9481872893697   -4.9099143437008D-03    2.4232129934860D-03
  329   -3.9523686062867   -4.8995039983010D-03    2.4168519827664D-03
  330   -3.9565466065357   -4.8891649554803D-03    2.4105493938553D-03
  331   -3.9607212775366   -4.8788964414985D-03    2.4043046256867D-03
  332   -3.9648926013197   -4.8686977377832D-03    2.3981171038733D-03
  333   -3.9690605647562   -4.8585680845897D-03    2.3919862429453D-03
  334   -3.9732251553071   -4.8485067565370D-03    2.3859114628561D-03
  335   -3.9773863538718   -4.8385130506525D-03    2.3798922129826D-03
  336   -3.9815441461231   -4.8285862572574D-03    2.3739279321429D-03
  337   -3.9856985205140   -4.8187256695893D-03    2.3680180559479D-03
  338   -3.9898494617579   -4.8089305889054D-03    2.3621620396113D-03
  339   -3.9939969531702   -4.7992003509426D-03    2.3563593501041D-03
  340   -3.9981409821349   -4.7895342697467D-03    2.3506094458110D-03
  341   -4.0022815358448   -4.7799316839312D-03    2.3449117915581D-03
  342   -4.0064185961345   -4.7703919551993D-03    2.3392658777048D-03
  343   -4.0105521523658   -4.7609144136338D-03    2.3336711741754D-03
  344   -4.0146821896572   -4.7514984159354D-03    2.3281271715897D-03
  345   -4.0188086935070   -4.7421433427772D-03    2.3226333651662D-03
  346   -4.0229316501363   -4.7328485820461D-03    2.3171892528004D-03
  347   -4.0270510474432   -4.7236134921457D-03    2.3117943332061D-03
  348   -4.0311668695013   -4.7144374772871D-03    2.3064481238286D-03
  349   -4.0352791048017   -4.7053199296699D-03    2.3011501321911D-03
  350   -4.0393877380211   -4.6962602681825D-03    2.2958998842244D-03
  351   -4.0434927581760   -4.6872579038826D-03    2.2906968973571D-03
  352   -4.0475941493653   -4.6783122403320D-03    2.2855407108975D-03
  353   -4.0516919004675   -4.6694227289344D-03    2.2804308518900D-03
  354   -4.0557859971104   -4.6605887887973D-03    2.2753668662374D-03
  355   -4.0598764283067   -4.6518098609553D-03    2.2703482914125D-03
  356   -4.0639631789508   -4.6430854147652D-03    2.2653746845311D-03
  357   -4.0680462370468   -4.6344148794015D-03    2.2604455984014D-03
  358   -4.0721255905858   -4.6257977420928D-03    2.2555605896393D-03
  359   -4.0762012259209   -4.6172334359974D-03    2.2507192259589D-03
  360   -4.0802731290383   -4.6087214925816D-03    2.2459210807738D-03
  361   -4.0843412919312   -4.6002613381313D-03    2.2411657130940D-03
  362   -4.0884056995182   -4.5918524871150D-03    2.2364527096495D-03
  363   -4.0924663389871   -4.5834944222072D-03    2.2317816550190D-03
  364   -4.0965231994745   -4.5751866635977D-03    2.2271521308238D-03
  365   -4.1005762689128   -4.5669286840043D-03    2.2225637291874D-03
  366   -4.1046255344485   -4.5587200316448D-03    2.2180160475891D-03
  367   -4.1086709857088   -4.5505601896790D-03    2.2135086813983D-03
  368   -4.1127126099932   -4.5424487156260D-03    2.2090412370638D-03
  369   -4.1167503943587   -4.5343851065465D-03    2.2046133268653D-03
  370   -4.1207843280895   -4.5263689151209D-03    2.2002245601189D-03
  371   -4.1248144017853   -4.5183996822097D-03    2.1958745460044D-03
  372   -4.1288406014934   -4.5104769489694D-03    2.1915629131422D-03
  373   -4.1328629172522   -4.5026002662506D-03    2.1872892813294D-03
  374   -4.1368813371270   -4.4947691935234D-03    2.1830532806543D-03
  375   -4.1408958508532   -4.4869832877461D-03    2.1788545405128D-03
  376   -4.1449064460326   -4.4792421281389D-03    2.1746927010710D-03
  377   -4.1489131122935   -4.4715452594880D-03    2.1705673998194D-03
  378   -4.1529158399804   -4.4638922783778D-03    2.1664782770128D-03
  379   -4.1569146162043   -4.4562827686319D-03    2.1624249859131D-03
  380   -4.1609094324514   -4.4487163082498D-03    2.1584071701872D-03
  381   -4.1649002769593   -4.4411924872877D-03    2.1544244880389D-03
  382   -4.1688871403202   -4.4337109063438D-03    2.1504765941429D-03
  383   -4.1728700098527   -4.4262711813856D-03    2.1465631567131D-03
  384   -4.1768488786723   -4.4188728878158D-03    2.1426838304994D-03
  385   -4.1808237340583   -4.4115156327176D-03    2.1388382917849D-03
  386   -4.1847945661122   -4.4041990729837D-03    2.1350262105964D-03
  387   -4.1887613663473   -4.3969227928773D-03    2.1312472582689D-03
  388   -4.1927241243988   -4.3896864301672D-03    2.1275011142631D-03
  389   -4.1966828272665   -4.3824896006585D-03    2.1237874703769D-03
  390   -4.2006374707230   -4.3753319394655D-03    2.1201059941522D-03
  391   -4.2045880403816   -4.3682130945398D-03    2.1164563890703D-03
  392   -4.2085345291341   -4.3611326809171D-03    2.1128383384898D-03
  393   -4.2124769283147   -4.3540903636788D-03    2.1092515349810D-03
  394   -4.2164152268897   -4.3470857922460D-03    2.1056956807364D-03
  395   -4.2203494144560   -4.3401186073941D-03    2.1021704803164D-03
  396   -4.2242794855325   -4.3331884738839D-03    2.0986756262960D-03
  397   -4.2282054272413   -4.3262950310410D-03    2.0952108369999D-03
  398   -4.2321272321401   -4.3194379873461D-03    2.0917758168274D-03
  399   -4.2360448925079   -4.3126169622594D-03    2.0883702760548D-03
  400   -4.2399583957114   -4.3058316595660D-03    2.0849939407384D-03
  401   -4.2438677393257   -4.2990817254684D-03    2.0816465112380D-03
  402   -4.2477729100910   -4.2923668659105D-03    2.0783277224714D-03
  403   -4.2516739008070   -4.2856867478270D-03    2.0750372946956D-03
  404   -4.2555707026969   -4.2790410747121D-03    2.0717749556378D-03
  405   -4.2594633050919   -4.2724295019075D-03    2.0685404422471D-03
  406   -4.2633517037537   -4.2658517538284D-03    2.0653334741904D-03
  407   -4.2672358909898   -4.2593075088307D-03    2.0621537861855D-03
  408   -4.2711158543217   -4.2527964883305D-03    2.0590011283424D-03
  409   -4.2749915878108   -4.2463183632486D-03    2.0558752351671D-03
  410   -4.2788630823654   -4.2398728678739D-03    2.0527758531084D-03
  411   -4.2827303351766   -4.2334596937046D-03    2.0497027131402D-03
  412   -4.2865933332829   -4.2270785450217D-03    2.0466555787150D-03
  413   -4.2904520703464   -4.2207291777066D-03    2.0436341965461D-03
  414   -4.2943065384181   -4.2144112659099D-03    2.0406383212160D-03
  415   -4.2981567320048   -4.2081245672663D-03    2.0376677023169D-03
  416   -4.3020026400735   -4.2018687952077D-03    2.0347221087026D-03
  417   -4.3058442597248   -4.1956436326874D-03    2.0318012886334D-03
  418   -4.3096815808840   -4.1894488863334D-03    2.0289050118562D-03
  419   -4.3135145965227   -4.1832842429308D-03    2.0260330448558D-03
  420   -4.3173433007905   -4.1771494386031D-03    2.0231851511424D-03
  421   -4.3211676871987   -4.1710442218987D-03    2.0203610996533D-03
  422   -4.3249877458011   -4.1649683642605D-03    2.0175606707724D-03
  423   -4.3288034729322   -4.1589215652518D-03    2.0147836302743D-03
  424   -4.3326148620540   -4.1529036008565D-03    2.0120297553011D-03
  425   -4.3364219035180   -4.1469141970698D-03    2.0092988320501D-03
  426   -4.3402245918542   -4.1409531299406D-03    2.0065906394114D-03
  427   -4.3440229231529   -4.1350201421004D-03    2.0039049536973D-03
  428   -4.3478168881537   -4.1291150156030D-03    2.0012415677732D-03
  429   -4.3516064814312   -4.1232374680471D-03    1.9986002674786D-03
  430   -4.3553916962238   -4.1173873022748D-03    1.9959808435923D-03
  431   -4.3591725312238   -4.1115642641977D-03    1.9933830749015D-03
  432   -4.3629489723702   -4.1057681291693D-03    1.9908067771029D-03
  433   -4.3667210195783   -4.0999986676488D-03    1.9882517303369D-03
  434   -4.3704886643474   -4.0942556638711D-03    1.9857177387796D-03
  435   -4.3742519019446   -4.0885388613338D-03    1.9832046008795D-03
  436   -4.3780107251975   -4.0828480820738D-03    1.9807121209818D-03
  437   -4.3817651325422   -4.0771830861234D-03    1.9782400921660D-03
  438   -4.3855151128856   -4.0715436374342D-03    1.9757883357049D-03
  439   -4.3892606641833   -4.0659295476403D-03    1.9733566499867D-03
  440   -4.3930017802744   -4.0603405890619D-03    1.9709448457818D-03
  441   -4.3967384567913   -4.0547765658963D-03    1.9685527327825D-03
  442   -4.4004706860668   -4.0492372528799D-03    1.9661801302572D-03
  443   -4.4041984664070   -4.0437224565294D-03    1.9638268445008D-03
  444   -4.4079217893588   -4.0382319671031D-03    1.9614927007836D-03
  445   -4.4116406525303   -4.0327655863951D-03    1.9591775113736D-03
  446   -4.4153550475620   -4.0273231296925D-03    1.9568811052495D-03
  447   -4.4190649750492   -4.0219043683152D-03    1.9546032910475D-03
  448   -4.4227704257266   -4.0165091189532D-03    1.9523439046174D-03
  449   -4.4264713971847   -4.0111371952486D-03    1.9501027645991D-03
  450   -4.4301678829869   -4.0057884095537D-03    1.9478797038211D-03
  451   -4.4338598797908   -4.0004625565818D-03    1.9456745485231D-03
  452   -4.4375473804719   -3.9951594592835D-03    1.9434871354097D-03
  453   -4.4412303890638   -3.9898789141821D-03    1.9413172760362D-03
  454   -4.4449088908446   -3.9846207862337D-03    1.9391648307141D-03
  455   -4.4485828871997   -3.9793848509980D-03    1.9370296210415D-03
  456   -4.4522523766311   -3.9741709175554D-03    1.9349114767535D-03
  457   -4.4559173476322   -3.9689788425963D-03    1.9328102566470D-03
  458   -4.4595778009530   -3.9638084168629D-03    1.9307257880672D-03
  459   -4.4632337298119   -3.9586595053263D-03    1.9286579203377D-03
  460   -4.4668851329502   -3.9535319196198D-03    1.9266064903492D-03
  461   -4.4705320101071   -3.9484254845746D-03    1.9245713340793D-03
  462   -4.4741743496704   -3.9433400199037D-03    1.9225523184582D-03
  463   -4.4778121496091   -3.9382753762137D-03    1.9205492865856D-03
  464   -4.4814454130143   -3.9332313804364D-03    1.9185620717443D-03
  465   -4.4850741305986   -3.9282078369551D-03    1.9165905397111D-03
  466   -4.4886983017006   -3.9232046381537D-03    1.9146345348029D-03
  467   -4.4923179184116   -3.9182216156504D-03    1.9126939223116D-03
  468   -4.4959329829798   -3.9132585826523D-03    1.9107685445234D-03
  469   -4.4995434882198   -3.9083153816470D-03    1.9088582669334D-03
  470   -4.5031494352172   -3.9033918902939D-03    1.9069629370935D-03
  471   -4.5067508160989   -3.8984879287154D-03    1.9050824265416D-03
  472   -4.5103476314965   -3.8936033310315D-03    1.9032165871017D-03
  473   -4.5139398799553   -3.8887379567901D-03    1.9013652772726D-03
  474   -4.5175275502645   -3.8838916837474D-03    1.8995283797535D-03
  475   -4.5211106475286   -3.8790643369117D-03    1.8977057407112D-03
  476   -4.5246891670260   -3.8742557637148D-03    1.8958972310732D-03
  477   -4.5282631077955   -3.8694658389643D-03    1.8941027137449D-03
  478   -4.5318324615915   -3.8646943937229D-03    1.8923220708273D-03
  479   -4.5353972309153   -3.8599413263766D-03    1.8905551597751D-03
  480   -4.5389574135179   -3.8552064527749D-03    1.8888018513640D-03
  481   -4.5425130041850   -3.8504896393456D-03    1.8870620246600D-03
  482   -4.5460640071507   -3.8457907849181D-03    1.8853355371403D-03
  483   -4.5496104087608   -3.8411097104620D-03    1.8836222909871D-03
  484   -4.5531522152654   -3.8364462851281D-03    1.8819221420724D-03
  485   -4.5566894250351   -3.8318003930764D-03    1.8802349661256D-03
  486   -4.5602220308501   -3.8271719035756D-03    1.8785606535692D-03
  487   -4.5637500333377   -3.8225606700958D-03    1.8768990771545D-03
  488   -4.5672734296618   -3.8179665681832D-03    1.8752501205880D-03
  489   -4.5707922195806   -3.8133894802722D-03    1.8736136601229D-03
  490   -4.5743064028819   -3.8088292365364D-03    1.8719895771449D-03
  491   -4.5778159756683   -3.8042857642135D-03    1.8703777584710D-03
  492   -4.5813209328298   -3.7997589154283D-03    1.8687780984731D-03
  493   -4.5848212821050   -3.7952485340449D-03    1.8671904608321D-03
  494   -4.5883170087305   -3.7907545585839D-03    1.8656147638186D-03
  495   -4.5918081242280   -3.7862768091185D-03    1.8640508649163D-03
  496   -4.5952946205107   -3.7818152134083D-03    1.8624986698091D-03
  497   -4.5987764960494   -3.7773696127537D-03    1.8609580686066D-03
  498   -4.6022537509609   -3.7729399159586D-03    1.8594289500268D-03
  499   -4.6057263838542   -3.7685260054607D-03    1.8579112059168D-03
  500   -4.6091943961107   -3.7641277237771D-03    1.8564047248643D-03
  501   -4.6126577826089   -3.7597450048095D-03    1.8549094099309D-03
  502   -4.6161165428653   -3.7553777328759D-03    1.8534251552419D-03
  503   -4.6195706767390   -3.7510257638383D-03    1.8519518557583D-03
  504   -4.6230201844440   -3.7466890047003D-03    1.8504894058901D-03
  505   -4.6264650662936   -3.7423673401026D-03    1.8490377016089D-03
  506   -4.6299053143026   -3.7380606710263D-03    1.8475966581797D-03
  507   -4.6333409328452   -3.7337688889378D-03    1.8461661642505D-03
  508   -4.6367719210970   -3.7294918600427D-03    1.8447461216536D-03
  509   -4.6401982812934   -3.7252295163200D-03    1.8433364261759D-03
  510   -4.6436200104498   -3.7209817151306D-03    1.8419369859593D-03
  511   -4.6470371067146   -3.7167483536317D-03    1.8405477080905D-03
  512   -4.6504495677575   -3.7125293705612D-03    1.8391685015704D-03
  513   -4.6538573957928   -3.7083246288258D-03    1.8377992665598D-03
  514   -4.6572605927576   -3.7041340320342D-03    1.8364399042901D-03
  515   -4.6606591565665   -3.6999574774390D-03    1.8350903267089D-03
  516   -4.6640530842506   -3.6957948806876D-03    1.8337504477356D-03
  517   -4.6674423800754   -3.6916460972970D-03    1.8324201672139D-03
  518   -4.6708270408431   -3.6875111385336D-03    1.8310994014178D-03
  519   -4.6742070658677   -3.6833897579374D-03    1.8297880637744D-03
  520   -4.6775824566911   -3.6792819800612D-03    1.8284860613118D-03
  521   -4.6809532124089   -3.6751876677925D-03    1.8271933094368D-03
  522   -4.6843193364648   -3.6711067261681D-03    1.8259097137814D-03
  523   -4.6876808242815   -3.6670390194210D-03    1.8246352001160D-03
  524   -4.6910376786938   -3.6629845109629D-03    1.8233696762072D-03
  525   -4.6943898971227   -3.6589431074772D-03    1.8221130645667D-03
  526   -4.6977374864139   -3.6549147046134D-03    1.8208652677732D-03
  527   -4.7010804383890   -3.6508992036411D-03    1.8196262217073D-03
  528   -4.7044187593078   -3.6468965373916D-03    1.8183958312686D-03
  529   -4.7077524471799   -3.6429065886994D-03    1.8171740213563D-03
  530   -4.7110815011402   -3.6389292967742D-03    1.8159607138326D-03
  531   -4.7144059261802   -3.6349645718573D-03    1.8147558200359D-03
  532   -4.7177257187612   -3.6310123083932D-03    1.8135592701770D-03
  533   -4.7210408796793   -3.6270724311560D-03    1.8123709855782D-03
  534   -4.7243514144774   -3.6231448562671D-03    1.8111908782095D-03
  535   -4.7276573188042   -3.6192295329575D-03    1.8100188831153D-03
  536   -4.7309585957304   -3.6153263213293D-03    1.8088549183045D-03
  537   -4.7342552439298   -3.6114351750728D-03    1.8076989143619D-03
  538   -4.7375472632761   -3.6075559861423D-03    1.8065507982403D-03
  539   -4.7408346610755   -3.6036887145969D-03    1.8054104823808D-03
  540   -4.7441174326023   -3.5998332565024D-03    1.8042779064353D-03
  541   -4.7473955752746   -3.5959895311151D-03    1.8031530043506D-03
  542   -4.7506690996579   -3.5921574450394D-03    1.8020356852977D-03
  543   -4.7539379988237   -3.5883369642362D-03    1.8009258944375D-03
  544   -4.7572022857866   -3.5845279456843D-03    1.7998235375060D-03
  545   -4.7604619471432   -3.5807303896331D-03    1.7987285741293D-03
  546   -4.7637169900925   -3.5769441901524D-03    1.7976409223934D-03
  547   -4.7669674152865   -3.5731692617360D-03    1.7965605157721D-03
  548   -4.7702132284152   -3.5694055147264D-03    1.7954872776253D-03
  549   -4.7734544220178   -3.5656529161788D-03    1.7944211580475D-03
  550   -4.7766910059494   -3.5619113846276D-03    1.7933620736622D-03
  551   -4.7799229747340   -3.5581808100243D-03    1.7923099719014D-03
  552   -4.7831503430219   -3.5544611769767D-03    1.7912647610490D-03
  553   -4.7863730905321   -3.5507523576868D-03    1.7902264214037D-03
  554   -4.7895912372159   -3.5470543061694D-03    1.7891948499142D-03
  555   -4.7928047777405   -3.5433669659792D-03    1.7881699978227D-03
  556   -4.7960137144997   -3.5396902573686D-03    1.7871518006566D-03
  557   -4.7992180466189   -3.5360241300356D-03    1.7861402007085D-03
  558   -4.8024177800898   -3.5323684590329D-03    1.7851351281780D-03
  559   -4.8056129067623   -3.5287232854618D-03    1.7841365405784D-03
  560   -4.8088034497603   -3.5250884164199D-03    1.7831443357962D-03
  561   -4.8119893895514   -3.5214638411478D-03    1.7821584956049D-03
  562   -4.8151707356155   -3.5178495449836D-03    1.7811789447980D-03
  563   -4.8183474905798   -3.5142453800029D-03    1.7802056237579D-03
  564   -4.8215196545259   -3.5106513252711D-03    1.7792384775760D-03
  565   -4.8246872342722   -3.5070673003846D-03    1.7782774386952D-03
  566   -4.8278502239037   -3.5034932879927D-03    1.7773224643743D-03
  567   -4.8310086298672   -3.4999291205521D-03    1.7763734905496D-03
  568   -4.8341624605297   -3.4963748457001D-03    1.7754304468875D-03
  569   -4.8373117069068   -3.4928303356410D-03    1.7744933007438D-03
  570   -4.8404563759793   -3.4892955654804D-03    1.7735619864861D-03
  571   -4.8435964668005   -3.4857704717000D-03    1.7726364552935D-03
  572   -4.8467319906058   -3.4822549712833D-03    1.7717166361631D-03
  573   -4.8498629456285   -3.4787490080478D-03    1.7708024825852D-03
  574   -4.8529893195588   -3.4752525543098D-03    1.7698939686855D-03
  575   -4.8561111384365   -3.4717655401457D-03    1.7689909965612D-03
  576   -4.8592283865107   -3.4682878876687D-03    1.7680935490937D-03
  577   -4.8623410784453   -3.4648195326701D-03    1.7672015505559D-03
  578   -4.8654492099583   -3.4613604318630D-03    1.7663149621037D-03
  579   -4.8685527836169   -3.4579105706531D-03    1.7654337320963D-03
  580   -4.8716518013340   -3.4544698229052D-03    1.7645578122343D-03
  581   -4.8747462692591   -3.4510381436141D-03    1.7636871452026D-03
  582   -4.8778361874881   -3.4476155643590D-03    1.7628216851226D-03
  583   -4.8809215595674   -3.4442019171255D-03    1.7619613822858D-03
  584   -4.8840023872117   -3.4407972131318D-03    1.7611061894447D-03
  585   -4.8870786738868   -3.4374013715144D-03    1.7602560566429D-03
  586   -4.8901504218945   -3.4340143406428D-03    1.7594109368430D-03
  587   -4.8932176311647   -3.4306360705531D-03    1.7585707877861D-03
  588   -4.8962803088728   -3.4272665654951D-03    1.7577355540089D-03
  589   -4.8993384579337   -3.4239056817218D-03    1.7569051894265D-03
  590   -4.9023920766119   -3.4205534117109D-03    1.7560796557598D-03
  591   -4.9054411704092   -3.4172097075120D-03    1.7552589025593D-03
  592   -4.9084857427460   -3.4138745217686D-03    1.7544428834227D-03
  593   -4.9115257943618   -3.4105477917178D-03    1.7536315577059D-03
  594   -4.9145613329382   -3.4072294679435D-03    1.7528248717476D-03
  595   -4.9175923528524   -3.4039194701013D-03    1.7520227981689D-03
  596   -4.9206188661257   -3.4006178232706D-03    1.7512252753550D-03
  597   -4.9236408692474   -3.3973244374677D-03    1.7504322730649D-03
  598   -4.9266583750255   -3.3940392592628D-03    1.7496437299795D-03
  599   -4.9296713639310   -3.3907622557706D-03    1.7488596456483D-03
  600   -4.9326798695712   -3.3874933891579D-03    1.7480799207430D-03
  601   -4.9356838743814   -3.3842325739328D-03    1.7473045527375D-03
  602   -4.9386833791546   -3.3809797656659D-03    1.7465335035738D-03
  603   -4.9416784026033   -3.3777349556714D-03    1.7457667046421D-03
  604   -4.9446689384481   -3.3744980985856D-03    1.7450041323229D-03
  605   -4.9476549946309   -3.3712690893868D-03    1.7442457373829D-03
  606   -4.9506365652148   -3.3680479594490D-03    1.7434914971079D-03
  607   -4.9536136612572   -3.3648346394767D-03    1.7427413567196D-03
  608   -4.9565862838376   -3.3616290449328D-03    1.7419952826185D-03
  609   -4.9595544414386   -3.3584311641083D-03    1.7412532258468D-03
  610   -4.9625181185483   -3.3552409643922D-03    1.7405151822427D-03
  611   -4.9654773439153   -3.3520584008223D-03    1.7397810670897D-03
  612   -4.9684321040653   -3.3488834021074D-03    1.7390508738470D-03
  613   -4.9713824109794   -3.3457159084631D-03    1.7383245491143D-03
  614   -4.9743282636989   -3.3425559805984D-03    1.7376020634754D-03
  615   -4.9772696618436   -3.3394034717564D-03    1.7368833878299D-03
  616   -4.9802066164121   -3.3362584098130D-03    1.7361684712266D-03
  617   -4.9831391295670   -3.3331206966007D-03    1.7354572802692D-03
  618   -4.9860672045973   -3.3299903070080D-03    1.7347497802226D-03
  619   -4.9889908436298   -3.3268672120808D-03    1.7340459367496D-03
  620   -4.9919100404746   -3.3237513795429D-03    1.7333457333712D-03
  621   -4.9948248185249   -3.3206427300358D-03    1.7326490992159D-03
  622   -4.9977351660829   -3.3175412943741D-03    1.7319560268058D-03
  623   -5.0006410933969   -3.3144469721746D-03    1.7312664705000D-03
  624   -5.0035425986230   -3.3113597492361D-03    1.7305804054456D-03
  625   -5.0064396915271   -3.3082796003606D-03    1.7298977875675D-03
  626   -5.0093323725004   -3.3052064452083D-03    1.7292185894934D-03
  627   -5.0122206545520   -3.3021402350445D-03    1.7285427619613D-03
  628   -5.0151045120660   -3.2990810783798D-03    1.7278703223076D-03
  629   -5.0179839793465   -3.2960287168069D-03    1.7272011863499D-03
  630   -5.0208590608345   -3.2929832679255D-03    1.7265353191458D-03
  631   -5.0237297391044   -3.2899446228560D-03    1.7258727269782D-03
  632   -5.0265960267507   -3.2869128444810D-03    1.7252133616302D-03
  633   -5.0294579354219   -3.2838877390926D-03    1.7245571795950D-03
  634   -5.0323154548017   -3.2808694246690D-03    1.7239041728311D-03
  635   -5.0351686087875   -3.2778577307366D-03    1.7232542770489D-03
  636   -5.0380173738551   -3.2748527186484D-03    1.7226075077900D-03
  637   -5.0408617690827   -3.2718543918028D-03    1.7219638091360D-03
  638   -5.0437018080024   -3.2688625712241D-03    1.7213231348079D-03
  639   -5.0465374786881   -3.2658772851363D-03    1.7206854821359D-03
  640   -5.0493687983123   -3.2628985302112D-03    1.7200507985462D-03
  641   -5.0521957546964   -3.2599262274288D-03    1.7194190831567D-03
  642   -5.0550183572108   -3.2569604452821D-03    1.7187902962669D-03
  643   -5.0578366223640   -3.2540010342503D-03    1.7181643890633D-03
  644   -5.0606505378621   -3.2510479808784D-03    1.7175413606017D-03
  645   -5.0634601123833   -3.2481013204638D-03    1.7169211745807D-03
  646   -5.0662653579581   -3.2451609453580D-03    1.7163037884486D-03
  647   -5.0690662662956   -3.2422268669179D-03    1.7156891970649D-03
  648   -5.0718628467180   -3.2392990126560D-03    1.7150773629201D-03
  649   -5.0746551047886   -3.2363773778592D-03    1.7144682561717D-03
  650   -5.0774430447990   -3.2334619215935D-03    1.7138618498935D-03
  651   -5.0802266740575   -3.2305526442085D-03    1.7132581113268D-03
  652   -5.0830059865955   -3.2276494728914D-03    1.7126570316834D-03
  653   -5.0857809963990   -3.2247523857440D-03    1.7120585672315D-03
  654   -5.0885516874166   -3.2218613849104D-03    1.7114627262223D-03
  655   -5.0913180958465   -3.2189764146635D-03    1.7108694283114D-03
  656   -5.0940801947612   -3.2160974183452D-03    1.7102787008596D-03
  657   -5.0968380150124   -3.2132243806563D-03    1.7096904730450D-03
  658   -5.0995915481087   -3.2103573329838D-03    1.7091047411112D-03
  659   -5.1023407933503   -3.2074961467753D-03    1.7085214875657D-03
  660   -5.1050857591416   -3.2046408535498D-03    1.7079406822515D-03
  661   -5.1078264513320   -3.2017914219828D-03    1.7073622958652D-03
  662   -5.1105628717921   -3.1989478511540D-03    1.7067863088904D-03
  663   -5.1132950278396   -3.1961100165184D-03    1.7062126923286D-03
  664   -5.1160229248287   -3.1932779715955D-03    1.7056414201224D-03
  665   -5.1187465471232   -3.1904516298431D-03    1.7050725013931D-03
  666   -5.1214659283542   -3.1876310237524D-03    1.7045058637036D-03
  667   -5.1241810604312   -3.1848160745919D-03    1.7039415050997D-03
  668   -5.1268919381179   -3.1820068354310D-03    1.7033794159776D-03
  669   -5.1295985862529   -3.1792031635421D-03    1.7028195427582D-03
  670   -5.1323009919854   -3.1764051135565D-03    1.7022618883973D-03
  671   -5.1349991593560   -3.1736126492369D-03    1.7017064305125D-03
  672   -5.1376931031052   -3.1708257068309D-03    1.7011531316484D-03
  673   -5.1403828208346   -3.1680443253842D-03    1.7006019790447D-03
  674   -5.1430683206892   -3.1652683874760D-03    1.7000529458857D-03
  675   -5.1457496058241   -3.1624979429155D-03    1.6995060105971D-03
  676   -5.1484266759068   -3.1597328922679D-03    1.6989611610932D-03
  677   -5.1510995258614   -3.1569732883608D-03    1.6984183887333D-03
  678   -5.1537681922175   -3.1542190349676D-03    1.6978776232700D-03
  679   -5.1564326532056   -3.1514701804559D-03    1.6973388830660D-03
  680   -5.1590929056881   -3.1487266715557D-03    1.6968021598139D-03
  681   -5.1617489904001   -3.1459884621333D-03    1.6962673756709D-03
  682   -5.1644008727902   -3.1432555187503D-03    1.6957345724739D-03
  683   -5.1670485783408   -3.1405278779919D-03    1.6952036947989D-03
  684   -5.1696921050294   -3.1378054331946D-03    1.6946747330223D-03
  685   -5.1723314607412   -3.1350881813632D-03    1.6941476625763D-03
  686   -5.1749666441976   -3.1323761900923D-03    1.6936224710756D-03
  687   -5.1775976573956   -3.1296693047992D-03    1.6930991440605D-03
  688   -5.1802245195131   -3.1269676060197D-03    1.6925776380789D-03
  689   -5.1828472147809   -3.1242709532038D-03    1.6920579661076D-03
  690   -5.1854657660688   -3.1215794496384D-03    1.6915400788923D-03
  691   -5.1880801663055   -3.1188929780946D-03    1.6910239762713D-03
  692   -5.1906904185175   -3.1162115880878D-03    1.6905096412144D-03
  693   -5.1932965498838   -3.1135351953372D-03    1.6899970195831D-03
  694   -5.1958985284352   -3.1108638081607D-03    1.6894861494968D-03
  695   -5.1984963831756   -3.1081973952602D-03    1.6889769742235D-03
  696   -5.2010901167413   -3.1055359328093D-03    1.6884694791313D-03
