# LOVE_NUMBERS  Format of 2005.01.10
# degree h                 l                 k
#
     0  0.0000000000D+00  0.0000000000D+00  0.0000000000D+00
     1 -0.2858777580D+00  0.1039182063D+00  0.0000000000D+00
     2 -0.9915810331D+00  0.2353293958D-01 -0.3054020195D+00
     3 -0.1050767745D+01  0.7014846821D-01 -0.1960294041D+00
     4 -0.1053393012D+01  0.5888944962D-01 -0.1336652689D+00
     5 -0.1086317605D+01  0.4635490492D-01 -0.1047066267D+00
     6 -0.1143860336D+01  0.3875790076D-01 -0.9033564429D-01
     7 -0.1212408459D+01  0.3435761766D-01 -0.8206984804D-01
     8 -0.1283943275D+01  0.3162521937D-01 -0.7655494644D-01
     9 -0.1354734845D+01  0.2976799724D-01 -0.7243844815D-01
    10 -0.1423282851D+01  0.2841217497D-01 -0.6913401466D-01
    11 -0.1489094554D+01  0.2737604005D-01 -0.6635869819D-01
    12 -0.1552074997D+01  0.2656100083D-01 -0.6395689877D-01
    13 -0.1612273740D+01  0.2590599387D-01 -0.6183296641D-01
    14 -0.1669763369D+01  0.2536854685D-01 -0.5992172201D-01
    15 -0.1724635488D+01  0.2491746046D-01 -0.5817772516D-01
    16 -0.1776963521D+01  0.2452895864D-01 -0.5656704205D-01
    17 -0.1826825601D+01  0.2418496902D-01 -0.5506474110D-01
    18 -0.1874298467D+01  0.2387191421D-01 -0.5365205058D-01
    19 -0.1919461416D+01  0.2357965299D-01 -0.5231479422D-01
    20 -0.1962393632D+01  0.2330062776D-01 -0.5104204279D-01
    21 -0.2003182253D+01  0.2302957552D-01 -0.4982562670D-01
    22 -0.2041915786D+01  0.2276274561D-01 -0.4865919131D-01
    23 -0.2078680486D+01  0.2249751069D-01 -0.4753764652D-01
    24 -0.2113573061D+01  0.2223241049D-01 -0.4645728556D-01
    25 -0.2146680270D+01  0.2196635908D-01 -0.4541483359D-01
    26 -0.2178105661D+01  0.2169923707D-01 -0.4440818528D-01
    27 -0.2207927152D+01  0.2143062311D-01 -0.4343487603D-01
    28 -0.2236242846D+01  0.2116091000D-01 -0.4249347823D-01
    29 -0.2263132641D+01  0.2089023887D-01 -0.4158232061D-01
    30 -0.2288687940D+01  0.2061922034D-01 -0.4070034557D-01
    31 -0.2312991757D+01  0.2034837121D-01 -0.3984645832D-01
    32 -0.2336112443D+01  0.2007795245D-01 -0.3901937759D-01
    33 -0.2358128831D+01  0.1980857769D-01 -0.3821827509D-01
    34 -0.2379107893D+01  0.1954063723D-01 -0.3744217649D-01
    35 -0.2399120761D+01  0.1927467242D-01 -0.3669034206D-01
    36 -0.2418226351D+01  0.1901099500D-01 -0.3596186474D-01
    37 -0.2436482905D+01  0.1874994579D-01 -0.3525594412D-01
    38 -0.2453948379D+01  0.1849189587D-01 -0.3457187576D-01
    39 -0.2470670195D+01  0.1823702146D-01 -0.3390882631D-01
    40 -0.2486697757D+01  0.1798557582D-01 -0.3326609909D-01
    41 -0.2502076334D+01  0.1773775332D-01 -0.3264299923D-01
    42 -0.2516847401D+01  0.1749369843D-01 -0.3203883174D-01
    43 -0.2531050008D+01  0.1725353288D-01 -0.3145293280D-01
    44 -0.2544719530D+01  0.1701732965D-01 -0.3088463896D-01
    45 -0.2557890739D+01  0.1678517515D-01 -0.3033334191D-01
    46 -0.2570594319D+01  0.1655709852D-01 -0.2979842108D-01
    47 -0.2582859779D+01  0.1633312984D-01 -0.2927929373D-01
    48 -0.2594714216D+01  0.1611327332D-01 -0.2877539004D-01
    49 -0.2606182782D+01  0.1589751831D-01 -0.2828615868D-01
    50 -0.2617289738D+01  0.1568585677D-01 -0.2781108192D-01
    51 -0.2628056023D+01  0.1547823922D-01 -0.2734963353D-01
    52 -0.2638502978D+01  0.1527464081D-01 -0.2690133637D-01
    53 -0.2648649164D+01  0.1507500454D-01 -0.2646570945D-01
    54 -0.2658512061D+01  0.1487927089D-01 -0.2604229418D-01
    55 -0.2668109142D+01  0.1468739551D-01 -0.2563066630D-01
    56 -0.2677455130D+01  0.1449930171D-01 -0.2523039452D-01
    57 -0.2686564655D+01  0.1431492499D-01 -0.2484107774D-01
    58 -0.2695451439D+01  0.1413419921D-01 -0.2446233127D-01
    59 -0.2704127764D+01  0.1395704694D-01 -0.2409377795D-01
    60 -0.2712605707D+01  0.1378339969D-01 -0.2373506405D-01
    61 -0.2720896238D+01  0.1361318186D-01 -0.2338584530D-01
    62 -0.2729009765D+01  0.1344631998D-01 -0.2304579309D-01
    63 -0.2736955903D+01  0.1328273833D-01 -0.2271459030D-01
    64 -0.2744743969D+01  0.1312236618D-01 -0.2239193633D-01
    65 -0.2752382423D+01  0.1296512857D-01 -0.2207753919D-01
    66 -0.2759879282D+01  0.1281095243D-01 -0.2177111937D-01
    67 -0.2767242102D+01  0.1265976613D-01 -0.2147240908D-01
    68 -0.2774478021D+01  0.1251149967D-01 -0.2118115170D-01
    69 -0.2781593811D+01  0.1236608477D-01 -0.2089710139D-01
    70 -0.2788595709D+01  0.1222345238D-01 -0.2062002059D-01
    71 -0.2795489680D+01  0.1208353620D-01 -0.2034968220D-01
    72 -0.2802281343D+01  0.1194627118D-01 -0.2008586807D-01
    73 -0.2808976028D+01  0.1181159433D-01 -0.1982836895D-01
    74 -0.2815578704D+01  0.1167944283D-01 -0.1957698319D-01
    75 -0.2822094093D+01  0.1154975603D-01 -0.1933151728D-01
    76 -0.2828526669D+01  0.1142247495D-01 -0.1909178544D-01
    77 -0.2834880683D+01  0.1129754240D-01 -0.1885760922D-01
    78 -0.2841160150D+01  0.1117490242D-01 -0.1862881706D-01
    79 -0.2847368769D+01  0.1105449914D-01 -0.1840524275D-01
    80 -0.2853510163D+01  0.1093627997D-01 -0.1818672781D-01
    81 -0.2859587939D+01  0.1082019617D-01 -0.1797312161D-01
    82 -0.2865604931D+01  0.1070619194D-01 -0.1776427277D-01
    83 -0.2871564378D+01  0.1059422101D-01 -0.1756004164D-01
    84 -0.2877469169D+01  0.1048423565D-01 -0.1736029175D-01
    85 -0.2883322045D+01  0.1037618954D-01 -0.1716489163D-01
    86 -0.2889125648D+01  0.1027003825D-01 -0.1697371498D-01
    87 -0.2894882413D+01  0.1016573732D-01 -0.1678663942D-01
    88 -0.2900594702D+01  0.1006324445D-01 -0.1660354744D-01
    89 -0.2906264743D+01  0.9962518203D-02 -0.1642432560D-01
    90 -0.2911894687D+01  0.9863518919D-02 -0.1624886478D-01
    91 -0.2917486512D+01  0.9766206829D-02 -0.1607705911D-01
    92 -0.2923042145D+01  0.9670544154D-02 -0.1590880688D-01
    93 -0.2928563403D+01  0.9576493847D-02 -0.1574400976D-01
    94 -0.2934052041D+01  0.9484020422D-02 -0.1558257306D-01
    95 -0.2939509674D+01  0.9393088348D-02 -0.1542440486D-01
    96 -0.2944937877D+01  0.9303663815D-02 -0.1526941673D-01
    97 -0.2950338132D+01  0.9215713663D-02 -0.1511752309D-01
    98 -0.2955711880D+01  0.9129206080D-02 -0.1496864146D-01
    99 -0.2961060436D+01  0.9044109286D-02 -0.1482269168D-01
   100 -0.2966385090D+01  0.8960392953D-02 -0.1467959656D-01
   101 -0.2971687056D+01  0.8878027359D-02 -0.1453928135D-01
   102 -0.2976967512D+01  0.8796983926D-02 -0.1440167387D-01
   103 -0.2982227536D+01  0.8717234166D-02 -0.1426670401D-01
   104 -0.2987468183D+01  0.8638750834D-02 -0.1413430411D-01
   105 -0.2992690446D+01  0.8561507221D-02 -0.1400440861D-01
   106 -0.2997895290D+01  0.8485477618D-02 -0.1387695416D-01
   107 -0.3003083596D+01  0.8410636429D-02 -0.1375187918D-01
   108 -0.3008256228D+01  0.8336959123D-02 -0.1362912416D-01
   109 -0.3013413998D+01  0.8264421657D-02 -0.1350863142D-01
   110 -0.3018557697D+01  0.8193000847D-02 -0.1339034516D-01
   111 -0.3023688044D+01  0.8122673654D-02 -0.1327421107D-01
   112 -0.3028805745D+01  0.8053417940D-02 -0.1316017669D-01
   113 -0.3033911465D+01  0.7985212023D-02 -0.1304819106D-01
   114 -0.3039005849D+01  0.7918034962D-02 -0.1293820488D-01
   115 -0.3044089483D+01  0.7851865965D-02 -0.1283017014D-01
   116 -0.3049162947D+01  0.7786685030D-02 -0.1272404038D-01
   117 -0.3054226779D+01  0.7722472561D-02 -0.1261977050D-01
   118 -0.3059281508D+01  0.7659209600D-02 -0.1251731678D-01
   119 -0.3064327612D+01  0.7596877360D-02 -0.1241663664D-01
   120 -0.3069365560D+01  0.7535457730D-02 -0.1231768886D-01
   121 -0.3074395793D+01  0.7474932965D-02 -0.1222043336D-01
   122 -0.3079418737D+01  0.7415285853D-02 -0.1212483127D-01
   123 -0.3084434789D+01  0.7356499475D-02 -0.1203084476D-01
   124 -0.3089444323D+01  0.7298557315D-02 -0.1193843710D-01
   125 -0.3094447698D+01  0.7241443299D-02 -0.1184757260D-01
   126 -0.3099445739D+01  0.7185146204D-02 -0.1175821983D-01
   127 -0.3104437859D+01  0.7129642332D-02 -0.1167033892D-01
   128 -0.3109424785D+01  0.7074920548D-02 -0.1158389997D-01
   129 -0.3114406817D+01  0.7020966373D-02 -0.1149887118D-01
   130 -0.3119384228D+01  0.6967765508D-02 -0.1141522155D-01
   131 -0.3124357299D+01  0.6915304295D-02 -0.1133292103D-01
   132 -0.3129326253D+01  0.6863568795D-02 -0.1125194019D-01
   133 -0.3134291331D+01  0.6812545840D-02 -0.1117225053D-01
   134 -0.3139252753D+01  0.6762222409D-02 -0.1109382428D-01
   135 -0.3144210746D+01  0.6712586050D-02 -0.1101663454D-01
   136 -0.3149165487D+01  0.6663624094D-02 -0.1094065488D-01
   137 -0.3154117170D+01  0.6615324536D-02 -0.1086585976D-01
   138 -0.3159065971D+01  0.6567675499D-02 -0.1079222424D-01
   139 -0.3164012071D+01  0.6520665630D-02 -0.1071972412D-01
   140 -0.3168955611D+01  0.6474283384D-02 -0.1064833570D-01
   141 -0.3173896746D+01  0.6428517798D-02 -0.1057803597D-01
   142 -0.3178835615D+01  0.6383358046D-02 -0.1050880250D-01
   143 -0.3183772364D+01  0.6338793732D-02 -0.1044061352D-01
   144 -0.3188707103D+01  0.6294814330D-02 -0.1037344765D-01
   145 -0.3193639953D+01  0.6251409824D-02 -0.1030728418D-01
   146 -0.3198571025D+01  0.6208570313D-02 -0.1024210288D-01
   147 -0.3203500433D+01  0.6166286280D-02 -0.1017788410D-01
   148 -0.3208428262D+01  0.6124548124D-02 -0.1011460854D-01
   149 -0.3213354609D+01  0.6083346658D-02 -0.1005225749D-01
   150 -0.3218279559D+01  0.6042672825D-02 -0.9990812687D-02
   151 -0.3223203202D+01  0.6002517899D-02 -0.9930256346D-02
   152 -0.3228125600D+01  0.5962873105D-02 -0.9870571027D-02
   153 -0.3233046832D+01  0.5923730002D-02 -0.9811739803D-02
   154 -0.3237966958D+01  0.5885080308D-02 -0.9753746115D-02
   155 -0.3242886050D+01  0.5846916012D-02 -0.9696573861D-02
   156 -0.3247804156D+01  0.5809229052D-02 -0.9640207245D-02
   157 -0.3252721331D+01  0.5772011708D-02 -0.9584630905D-02
   158 -0.3257637624D+01  0.5735256354D-02 -0.9529829829D-02
   159 -0.3262553244D+01  0.5698956790D-02 -0.9475790189D-02
   160 -0.3267467917D+01  0.5663103346D-02 -0.9422496073D-02
   161 -0.3272381835D+01  0.5627690037D-02 -0.9369934305D-02
   162 -0.3277295035D+01  0.5592709852D-02 -0.9318091242D-02
   163 -0.3282207554D+01  0.5558156029D-02 -0.9266953580D-02
   164 -0.3287119415D+01  0.5524021765D-02 -0.9216508278D-02
   165 -0.3292030647D+01  0.5490300524D-02 -0.9166742633D-02
   166 -0.3296941273D+01  0.5456985862D-02 -0.9117644217D-02
   167 -0.3301851314D+01  0.5424071432D-02 -0.9069200890D-02
   168 -0.3306760804D+01  0.5391551244D-02 -0.9021400853D-02
   169 -0.3311669742D+01  0.5359419009D-02 -0.8974232435D-02
   170 -0.3316578148D+01  0.5327668875D-02 -0.8927684326D-02
   171 -0.3321486032D+01  0.5296294993D-02 -0.8881745447D-02
   172 -0.3326393422D+01  0.5265291805D-02 -0.8836405029D-02
   173 -0.3331300520D+01  0.5234654991D-02 -0.8791653407D-02
   174 -0.3336207644D+01  0.5204381204D-02 -0.8747481667D-02
   175 -0.3341113629D+01  0.5174457028D-02 -0.8703874181D-02
   176 -0.3346019149D+01  0.5144881857D-02 -0.8660824198D-02
   177 -0.3350924191D+01  0.5115650366D-02 -0.8618321971D-02
   178 -0.3355828764D+01  0.5086757522D-02 -0.8576358051D-02
   179 -0.3360732862D+01  0.5058198354D-02 -0.8534923154D-02
   180 -0.3365636499D+01  0.5029968080D-02 -0.8494008256D-02
   181 -0.3370539656D+01  0.5002061797D-02 -0.8453604422D-02
   182 -0.3375442336D+01  0.4974474833D-02 -0.8413702992D-02
   183 -0.3380344530D+01  0.4947202580D-02 -0.8374295452D-02
   184 -0.3385246241D+01  0.4920240618D-02 -0.8335373508D-02
   185 -0.3390147452D+01  0.4893584382D-02 -0.8296928978D-02
   186 -0.3395048158D+01  0.4867229563D-02 -0.8258953895D-02
   187 -0.3399948348D+01  0.4841171868D-02 -0.8221440446D-02
   188 -0.3404848021D+01  0.4815407184D-02 -0.8184381010D-02
   189 -0.3409747153D+01  0.4789931296D-02 -0.8147768058D-02
   190 -0.3414645740D+01  0.4764740184D-02 -0.8111594272D-02
   191 -0.3419543764D+01  0.4739829870D-02 -0.8075852456D-02
   192 -0.3424441221D+01  0.4715196520D-02 -0.8040535598D-02
   193 -0.3429338088D+01  0.4690836217D-02 -0.8005636771D-02
   194 -0.3434234352D+01  0.4666745233D-02 -0.7971149225D-02
   195 -0.3439129995D+01  0.4642919861D-02 -0.7937066335D-02
   196 -0.3444025009D+01  0.4619356521D-02 -0.7903381636D-02
   197 -0.3448919371D+01  0.4596051565D-02 -0.7870088750D-02
   198 -0.3453813064D+01  0.4573001531D-02 -0.7837181442D-02
   199 -0.3458706066D+01  0.4550202968D-02 -0.7804653597D-02
   200 -0.3463598369D+01  0.4527652519D-02 -0.7772499254D-02
   201 -0.3468489946D+01  0.4505346810D-02 -0.7740712516D-02
   202 -0.3473380779D+01  0.4483282582D-02 -0.7709287634D-02
   203 -0.3478270847D+01  0.4461456622D-02 -0.7678218959D-02
   204 -0.3483160133D+01  0.4439865807D-02 -0.7647500968D-02
   205 -0.3488048612D+01  0.4418506984D-02 -0.7617128214D-02
   206 -0.3492936263D+01  0.4397377111D-02 -0.7587095379D-02
   207 -0.3497823067D+01  0.4376473173D-02 -0.7557397242D-02
   208 -0.3502708995D+01  0.4355792214D-02 -0.7528028665D-02
   209 -0.3507594040D+01  0.4335331416D-02 -0.7498984668D-02
   210 -0.3512478162D+01  0.4315087810D-02 -0.7470260263D-02
   211 -0.3517361345D+01  0.4295058607D-02 -0.7441850636D-02
   212 -0.3522243562D+01  0.4275241043D-02 -0.7413751027D-02
   213 -0.3527124799D+01  0.4255632487D-02 -0.7385956807D-02
   214 -0.3532005020D+01  0.4236230143D-02 -0.7358463369D-02
   215 -0.3536884206D+01  0.4217031417D-02 -0.7331266234D-02
   216 -0.3541762329D+01  0.4198033709D-02 -0.7304360991D-02
   217 -0.3546639373D+01  0.4179234542D-02 -0.7277743343D-02
   218 -0.3551515301D+01  0.4160631318D-02 -0.7251409005D-02
   219 -0.3556390096D+01  0.4142221576D-02 -0.7225353835D-02
   220 -0.3561263723D+01  0.4124002907D-02 -0.7199573711D-02
   221 -0.3566136170D+01  0.4105972958D-02 -0.7174064656D-02
   222 -0.3571007398D+01  0.4088129303D-02 -0.7148822685D-02
   223 -0.3575877387D+01  0.4070469639D-02 -0.7123843938D-02
   224 -0.3580747513D+01  0.4052999127D-02 -0.7099129566D-02
   225 -0.3585615132D+01  0.4035701623D-02 -0.7074666551D-02
   226 -0.3590481365D+01  0.4018581041D-02 -0.7050455306D-02
   227 -0.3595346263D+01  0.4001635560D-02 -0.7026492490D-02
   228 -0.3600209792D+01  0.3984863047D-02 -0.7002774540D-02
   229 -0.3605071936D+01  0.3968261417D-02 -0.6979298005D-02
   230 -0.3609932657D+01  0.3951828544D-02 -0.6956059431D-02
   231 -0.3614791931D+01  0.3935562390D-02 -0.6933055469D-02
   232 -0.3619649732D+01  0.3919460926D-02 -0.6910282814D-02
   233 -0.3624506035D+01  0.3903522209D-02 -0.6887738228D-02
   234 -0.3629360805D+01  0.3887744227D-02 -0.6865418504D-02
   235 -0.3634214026D+01  0.3872125043D-02 -0.6843320529D-02
   236 -0.3639065656D+01  0.3856662781D-02 -0.6821441187D-02
   237 -0.3643915683D+01  0.3841355568D-02 -0.6799777491D-02
   238 -0.3648764066D+01  0.3826201536D-02 -0.6778326425D-02
   239 -0.3653610782D+01  0.3811198868D-02 -0.6757085071D-02
   240 -0.3658455800D+01  0.3796345763D-02 -0.6736050549D-02
   241 -0.3663299103D+01  0.3781640469D-02 -0.6715220049D-02
   242 -0.3668140651D+01  0.3767081216D-02 -0.6694590762D-02
   243 -0.3672980417D+01  0.3752666299D-02 -0.6674159952D-02
   244 -0.3677818461D+01  0.3738394413D-02 -0.6653925199D-02
   245 -0.3682654761D+01  0.3724263943D-02 -0.6633883871D-02
   246 -0.3687489030D+01  0.3710271978D-02 -0.6614032563D-02
   247 -0.3692321405D+01  0.3696417705D-02 -0.6594369232D-02
   248 -0.3697151858D+01  0.3682699513D-02 -0.6574891356D-02
   249 -0.3701980361D+01  0.3669115830D-02 -0.6555596461D-02
   250 -0.3706806936D+01  0.3655665322D-02 -0.6536482218D-02
   251 -0.3711631455D+01  0.3642345998D-02 -0.6517546015D-02
   252 -0.3716453939D+01  0.3629156559D-02 -0.6498785614D-02
   253 -0.3721274358D+01  0.3616095501D-02 -0.6480198683D-02
   254 -0.3726092689D+01  0.3603161412D-02 -0.6461782835D-02
   255 -0.3730908892D+01  0.3590352763D-02 -0.6443535971D-02
   256 -0.3735722950D+01  0.3577668129D-02 -0.6425455846D-02
   257 -0.3740534821D+01  0.3565106108D-02 -0.6407540263D-02
   258 -0.3745344490D+01  0.3552665333D-02 -0.6389786969D-02
   259 -0.3750151923D+01  0.3540344361D-02 -0.6372194033D-02
   260 -0.3754957088D+01  0.3528141865D-02 -0.6354759310D-02
   261 -0.3759759956D+01  0.3516056491D-02 -0.6337480778D-02
   262 -0.3764560505D+01  0.3504086957D-02 -0.6320356275D-02
   263 -0.3769358699D+01  0.3492231903D-02 -0.6303384010D-02
   264 -0.3774154515D+01  0.3480490047D-02 -0.6286561980D-02
   265 -0.3778947920D+01  0.3468860115D-02 -0.6269888285D-02
   266 -0.3783738888D+01  0.3457340896D-02 -0.6253360871D-02
   267 -0.3788527389D+01  0.3445931088D-02 -0.6236978078D-02
   268 -0.3793313390D+01  0.3434629499D-02 -0.6220737994D-02
   269 -0.3798096866D+01  0.3423434902D-02 -0.6204638851D-02
   270 -0.3802877791D+01  0.3412346138D-02 -0.6188678733D-02
   271 -0.3807656137D+01  0.3401361981D-02 -0.6172856062D-02
   272 -0.3812431870D+01  0.3390481295D-02 -0.6157169047D-02
   273 -0.3817204958D+01  0.3379702926D-02 -0.6141616004D-02
   274 -0.3821975383D+01  0.3369025761D-02 -0.6126195168D-02
   275 -0.3826743110D+01  0.3358448646D-02 -0.6110905001D-02
   276 -0.3831508110D+01  0.3347970491D-02 -0.6095743854D-02
   277 -0.3836271873D+01  0.3337596579D-02 -0.6080714363D-02
   278 -0.3841032150D+01  0.3327316457D-02 -0.6065808661D-02
   279 -0.3845788986D+01  0.3317129435D-02 -0.6051025499D-02
   280 -0.3850542997D+01  0.3307037131D-02 -0.6036365150D-02
   281 -0.3855294157D+01  0.3297038508D-02 -0.6021826113D-02
   282 -0.3860042438D+01  0.3287132563D-02 -0.6007406839D-02
   283 -0.3864787807D+01  0.3277318267D-02 -0.5993105878D-02
   284 -0.3869530239D+01  0.3267594628D-02 -0.5978921847D-02
   285 -0.3874269702D+01  0.3257960660D-02 -0.5964853301D-02
   286 -0.3879006179D+01  0.3248415396D-02 -0.5950898825D-02
   287 -0.3883739635D+01  0.3238957864D-02 -0.5937057006D-02
   288 -0.3888470049D+01  0.3229587109D-02 -0.5923326579D-02
   289 -0.3893197379D+01  0.3220302211D-02 -0.5909706151D-02
   290 -0.3897921616D+01  0.3211102237D-02 -0.5896194416D-02
   291 -0.3902642720D+01  0.3201986266D-02 -0.5882789995D-02
   292 -0.3907360668D+01  0.3192953396D-02 -0.5869491718D-02
   293 -0.3912075438D+01  0.3184002722D-02 -0.5856298304D-02
   294 -0.3916786993D+01  0.3175133373D-02 -0.5843208448D-02
   295 -0.3921495314D+01  0.3166344474D-02 -0.5830220904D-02
   296 -0.3926200363D+01  0.3157635149D-02 -0.5817334546D-02
   297 -0.3930902125D+01  0.3149004554D-02 -0.5804548161D-02
   298 -0.3935600573D+01  0.3140451838D-02 -0.5791860577D-02
   299 -0.3940295676D+01  0.3131976215D-02 -0.5779270522D-02
   300 -0.3944987404D+01  0.3123576818D-02 -0.5766776986D-02
   301 -0.3949675741D+01  0.3115252838D-02 -0.5754378816D-02
   302 -0.3954360653D+01  0.3107003475D-02 -0.5742074899D-02
   303 -0.3959042119D+01  0.3098827965D-02 -0.5729864025D-02
   304 -0.3963720107D+01  0.3090725489D-02 -0.5717745257D-02
   305 -0.3968394592D+01  0.3082695280D-02 -0.5705717481D-02
   306 -0.3973065547D+01  0.3074736571D-02 -0.5693779662D-02
   307 -0.3977732958D+01  0.3066848621D-02 -0.5681930652D-02
   308 -0.3982396782D+01  0.3059030663D-02 -0.5670169557D-02
   309 -0.3987056997D+01  0.3051281965D-02 -0.5658495321D-02
   310 -0.3991713583D+01  0.3043601784D-02 -0.5646906981D-02
   311 -0.3996366510D+01  0.3035989428D-02 -0.5635403426D-02
   312 -0.4001015766D+01  0.3028444140D-02 -0.5623983856D-02
   313 -0.4005661299D+01  0.3020965248D-02 -0.5612647214D-02
   314 -0.4010303104D+01  0.3013552026D-02 -0.5601392619D-02
   315 -0.4014941156D+01  0.3006203809D-02 -0.5590219039D-02
   316 -0.4019575415D+01  0.2998919902D-02 -0.5579125640D-02
   317 -0.4024205867D+01  0.2991699624D-02 -0.5568111507D-02
   318 -0.4028832484D+01  0.2984542312D-02 -0.5557175755D-02
   319 -0.4033455241D+01  0.2977447321D-02 -0.5546317422D-02
   320 -0.4038074113D+01  0.2970413976D-02 -0.5535535712D-02
   321 -0.4042689078D+01  0.2963441640D-02 -0.5524829768D-02
   322 -0.4047300107D+01  0.2956529675D-02 -0.5514198739D-02
   323 -0.4051907177D+01  0.2949677460D-02 -0.5503641734D-02
   324 -0.4056510264D+01  0.2942884356D-02 -0.5493157962D-02
   325 -0.4061109341D+01  0.2936149755D-02 -0.5482746632D-02
   326 -0.4065704388D+01  0.2929473038D-02 -0.5472406939D-02
   327 -0.4070295381D+01  0.2922853615D-02 -0.5462138054D-02
   328 -0.4074882284D+01  0.2916290885D-02 -0.5451939170D-02
   329 -0.4079465087D+01  0.2909784249D-02 -0.5441809594D-02
   330 -0.4084043760D+01  0.2903333130D-02 -0.5431748532D-02
   331 -0.4088618279D+01  0.2896936957D-02 -0.5421755212D-02
   332 -0.4093188619D+01  0.2890595151D-02 -0.5411828857D-02
   333 -0.4097757745D+01  0.2884317398D-02 -0.5401975569D-02
   334 -0.4102319954D+01  0.2878083583D-02 -0.5392181719D-02
   335 -0.4106878131D+01  0.2871903238D-02 -0.5382453176D-02
   336 -0.4111431810D+01  0.2865774239D-02 -0.5372788210D-02
   337 -0.4115981211D+01  0.2859696893D-02 -0.5363186748D-02
   338 -0.4120526303D+01  0.2853670681D-02 -0.5353648059D-02
   339 -0.4125067085D+01  0.2847695064D-02 -0.5344171504D-02
   340 -0.4129603517D+01  0.2841769549D-02 -0.5334756310D-02
   341 -0.4134135580D+01  0.2835893595D-02 -0.5325401926D-02
   342 -0.4138663260D+01  0.2830066694D-02 -0.5316107680D-02
   343 -0.4143186527D+01  0.2824288349D-02 -0.5306872920D-02
   344 -0.4147705363D+01  0.2818558071D-02 -0.5297696936D-02
   345 -0.4152219750D+01  0.2812875349D-02 -0.5288579215D-02
   346 -0.4156729818D+01  0.2807240245D-02 -0.5279519432D-02
   347 -0.4161235270D+01  0.2801651316D-02 -0.5270516389D-02
   348 -0.4165736154D+01  0.2796108386D-02 -0.5261569543D-02
   349 -0.4170232508D+01  0.2790611088D-02 -0.5252678535D-02
   350 -0.4174724295D+01  0.2785158967D-02 -0.5243842709D-02
   351 -0.4179211503D+01  0.2779751557D-02 -0.5235061516D-02
   352 -0.4183694105D+01  0.2774388415D-02 -0.5226334273D-02
   353 -0.4188172090D+01  0.2769069071D-02 -0.5217660524D-02
   354 -0.4192645419D+01  0.2763793069D-02 -0.5209039665D-02
   355 -0.4197114075D+01  0.2758559969D-02 -0.5200471169D-02
   356 -0.4201578059D+01  0.2753369342D-02 -0.5191954431D-02
   357 -0.4206037324D+01  0.2748220754D-02 -0.5183488963D-02
   358 -0.4210491862D+01  0.2743113773D-02 -0.5175074221D-02
   359 -0.4214941658D+01  0.2738047972D-02 -0.5166709698D-02
   360 -0.4219386679D+01  0.2733022945D-02 -0.5158394787D-02
   361 -0.4223826915D+01  0.2728038259D-02 -0.5150129056D-02
   362 -0.4228262339D+01  0.2723093519D-02 -0.5141911977D-02
   363 -0.4232692981D+01  0.2718188433D-02 -0.5133743148D-02
   364 -0.4237118729D+01  0.2713322339D-02 -0.5125621837D-02
   365 -0.4241539614D+01  0.2708494961D-02 -0.5117547698D-02
   366 -0.4245955590D+01  0.2703705919D-02 -0.5109520206D-02
   367 -0.4250366666D+01  0.2698954809D-02 -0.5101538932D-02
   368 -0.4254772819D+01  0.2694241257D-02 -0.5093603358D-02
   369 -0.4259174029D+01  0.2689564868D-02 -0.5085713032D-02
   370 -0.4263570269D+01  0.2684925267D-02 -0.5077867507D-02
   371 -0.4267961523D+01  0.2680322080D-02 -0.5070066320D-02
   372 -0.4272347781D+01  0.2675754933D-02 -0.5062309014D-02
   373 -0.4276728990D+01  0.2671223464D-02 -0.5054595077D-02
   374 -0.4281105174D+01  0.2666727299D-02 -0.5046924184D-02
   375 -0.4285476289D+01  0.2662266084D-02 -0.5039295844D-02
   376 -0.4289842325D+01  0.2657839464D-02 -0.5031709627D-02
   377 -0.4294203252D+01  0.2653447078D-02 -0.5024165063D-02
   378 -0.4298559055D+01  0.2649088583D-02 -0.5016661793D-02
   379 -0.4302909733D+01  0.2644763625D-02 -0.5009199414D-02
   380 -0.4307255251D+01  0.2640471867D-02 -0.5001777482D-02
   381 -0.4311595601D+01  0.2636212976D-02 -0.4994395567D-02
   382 -0.4315930729D+01  0.2631986606D-02 -0.4987053274D-02
   383 -0.4320260674D+01  0.2627792425D-02 -0.4979750283D-02
   384 -0.4324585375D+01  0.2623630098D-02 -0.4972486128D-02
   385 -0.4328909213D+01  0.2619512018D-02 -0.4965268840D-02
   386 -0.4333223786D+01  0.2615413552D-02 -0.4958081936D-02
   387 -0.4337533117D+01  0.2611346056D-02 -0.4950932817D-02
   388 -0.4341837175D+01  0.2607309217D-02 -0.4943821092D-02
   389 -0.4346135928D+01  0.2603302742D-02 -0.4936746301D-02
   390 -0.4350429387D+01  0.2599326305D-02 -0.4929708210D-02
   391 -0.4354717544D+01  0.2595379607D-02 -0.4922706445D-02
   392 -0.4359000351D+01  0.2591462351D-02 -0.4915740611D-02
   393 -0.4363277792D+01  0.2587574246D-02 -0.4908810284D-02
   394 -0.4367549884D+01  0.2583714988D-02 -0.4901915260D-02
   395 -0.4371816587D+01  0.2579884288D-02 -0.4895055124D-02
   396 -0.4376077888D+01  0.2576081858D-02 -0.4888229556D-02
   397 -0.4380333776D+01  0.2572307424D-02 -0.4881438160D-02
   398 -0.4384584234D+01  0.2568560688D-02 -0.4874680679D-02
   399 -0.4388829242D+01  0.2564841376D-02 -0.4867956758D-02
   400 -0.4393068797D+01  0.2561149211D-02 -0.4861266098D-02
   401 -0.4397302881D+01  0.2557483924D-02 -0.4854608317D-02
   402 -0.4401531470D+01  0.2553845238D-02 -0.4847983151D-02
   403 -0.4405754548D+01  0.2550232886D-02 -0.4841390266D-02
   404 -0.4409972120D+01  0.2546646600D-02 -0.4834829391D-02
   405 -0.4414184146D+01  0.2543086125D-02 -0.4828300135D-02
   406 -0.4418390628D+01  0.2539551192D-02 -0.4821802243D-02
   407 -0.4422591551D+01  0.2536041539D-02 -0.4815335427D-02
   408 -0.4426786883D+01  0.2532556897D-02 -0.4808899393D-02
   409 -0.4430976616D+01  0.2529097038D-02 -0.4802493803D-02
   410 -0.4435160749D+01  0.2525661701D-02 -0.4796118410D-02
   411 -0.4439339273D+01  0.2522250640D-02 -0.4789772949D-02
   412 -0.4443512157D+01  0.2518863610D-02 -0.4783457104D-02
   413 -0.4447679385D+01  0.2515500372D-02 -0.4777170573D-02
   414 -0.4451840955D+01  0.2512160676D-02 -0.4770913098D-02
   415 -0.4455997001D+01  0.2508844697D-02 -0.4764684685D-02
   416 -0.4460147471D+01  0.2505552113D-02 -0.4758484990D-02
   417 -0.4464291999D+01  0.2502281694D-02 -0.4752313124D-02
   418 -0.4468430796D+01  0.2499033881D-02 -0.4746169197D-02
   419 -0.4472563895D+01  0.2495808447D-02 -0.4740053059D-02
   420 -0.4476691221D+01  0.2492605163D-02 -0.4733964341D-02
   421 -0.4480812807D+01  0.2489423800D-02 -0.4727902849D-02
   422 -0.4484928622D+01  0.2486264147D-02 -0.4721868283D-02
   423 -0.4489038649D+01  0.2483125972D-02 -0.4715860425D-02
   424 -0.4493142872D+01  0.2480009058D-02 -0.4709879012D-02
   425 -0.4497241313D+01  0.2476913189D-02 -0.4703923846D-02
   426 -0.4501333913D+01  0.2473838155D-02 -0.4697994583D-02
   427 -0.4505420682D+01  0.2470783737D-02 -0.4692091066D-02
   428 -0.4509501609D+01  0.2467749725D-02 -0.4686213045D-02
   429 -0.4513576672D+01  0.2464735908D-02 -0.4680360271D-02
   430 -0.4517645867D+01  0.2461742094D-02 -0.4674532484D-02
   431 -0.4521709169D+01  0.2458768058D-02 -0.4668729492D-02
   432 -0.4525766592D+01  0.2455813607D-02 -0.4662951085D-02
   433 -0.4529818089D+01  0.2452878540D-02 -0.4657196996D-02
   434 -0.4533863683D+01  0.2449962662D-02 -0.4651467004D-02
   435 -0.4537903321D+01  0.2447065763D-02 -0.4645760890D-02
   436 -0.4541938182D+01  0.2444190568D-02 -0.4640080410D-02
   437 -0.4545970060D+01  0.2441341387D-02 -0.4634428369D-02
   438 -0.4549992311D+01  0.2438501419D-02 -0.4628793378D-02
   439 -0.4554008601D+01  0.2435679744D-02 -0.4623181470D-02
   440 -0.4558018930D+01  0.2432876174D-02 -0.4617592432D-02
   441 -0.4562023294D+01  0.2430090534D-02 -0.4612026079D-02
   442 -0.4566021693D+01  0.2427322648D-02 -0.4606482171D-02
   443 -0.4570014092D+01  0.2424572323D-02 -0.4600960531D-02
   444 -0.4574000505D+01  0.2421839391D-02 -0.4595460979D-02
   445 -0.4577980892D+01  0.2419123669D-02 -0.4589983282D-02
   446 -0.4581955270D+01  0.2416424996D-02 -0.4584527233D-02
   447 -0.4585923636D+01  0.2413743189D-02 -0.4579092710D-02
   448 -0.4589885948D+01  0.2411078079D-02 -0.4573679458D-02
   449 -0.4593842227D+01  0.2408429498D-02 -0.4568287340D-02
   450 -0.4597792434D+01  0.2405797280D-02 -0.4562916080D-02
   451 -0.4601736614D+01  0.2403181263D-02 -0.4557565629D-02
   452 -0.4605674684D+01  0.2400581270D-02 -0.4552235678D-02
   453 -0.4609606692D+01  0.2397997151D-02 -0.4546926139D-02
   454 -0.4613532603D+01  0.2395428741D-02 -0.4541636751D-02
   455 -0.4617452421D+01  0.2392875881D-02 -0.4536367408D-02
   456 -0.4621366116D+01  0.2390338409D-02 -0.4531117888D-02
   457 -0.4625273717D+01  0.2387816176D-02 -0.4525888082D-02
   458 -0.4629175176D+01  0.2385309022D-02 -0.4520677720D-02
   459 -0.4633070515D+01  0.2382816797D-02 -0.4515486721D-02
   460 -0.4636959727D+01  0.2380339354D-02 -0.4510314872D-02
   461 -0.4640842768D+01  0.2377876513D-02 -0.4505162010D-02
   462 -0.4644719655D+01  0.2375428145D-02 -0.4500027980D-02
   463 -0.4648590372D+01  0.2372994102D-02 -0.4494912622D-02
   464 -0.4652454903D+01  0.2370574233D-02 -0.4489815761D-02
   465 -0.4656313259D+01  0.2368168398D-02 -0.4484737267D-02
   466 -0.4660165448D+01  0.2365776465D-02 -0.4479676977D-02
   467 -0.4664011409D+01  0.2363398268D-02 -0.4474634684D-02
   468 -0.4667851182D+01  0.2361033685D-02 -0.4469610304D-02
   469 -0.4671684743D+01  0.2358682567D-02 -0.4464603661D-02
   470 -0.4675512056D+01  0.2356344773D-02 -0.4459614543D-02
   471 -0.4679333175D+01  0.2354020178D-02 -0.4454642899D-02
   472 -0.4683148017D+01  0.2351708624D-02 -0.4449688484D-02
   473 -0.4686956657D+01  0.2349410005D-02 -0.4444751266D-02
   474 -0.4690759028D+01  0.2347124166D-02 -0.4439830996D-02
   475 -0.4694555138D+01  0.2344850983D-02 -0.4434927562D-02
   476 -0.4698344998D+01  0.2342590327D-02 -0.4430040859D-02
   477 -0.4702128578D+01  0.2340342061D-02 -0.4425170710D-02
   478 -0.4705905867D+01  0.2338106058D-02 -0.4420316957D-02
   479 -0.4709676879D+01  0.2335882195D-02 -0.4415479491D-02
   480 -0.4713441602D+01  0.2333670343D-02 -0.4410658186D-02
   481 -0.4717200013D+01  0.2331470374D-02 -0.4405852880D-02
   482 -0.4720952106D+01  0.2329282163D-02 -0.4401063430D-02
   483 -0.4724697898D+01  0.2327105594D-02 -0.4396289728D-02
   484 -0.4728437390D+01  0.2324940548D-02 -0.4391531676D-02
   485 -0.4732170536D+01  0.2322786891D-02 -0.4386789086D-02
   486 -0.4735897325D+01  0.2320644505D-02 -0.4382061813D-02
   487 -0.4739617794D+01  0.2318513282D-02 -0.4377349779D-02
   488 -0.4743331898D+01  0.2316393092D-02 -0.4372652829D-02
   489 -0.4747041742D+01  0.2314288335D-02 -0.4367973960D-02
   490 -0.4750747006D+01  0.2312198322D-02 -0.4363312569D-02
   491 -0.4754442562D+01  0.2310111657D-02 -0.4358660920D-02
   492 -0.4758131783D+01  0.2308035645D-02 -0.4354023941D-02
   493 -0.4761815020D+01  0.2305971024D-02 -0.4349402011D-02
   494 -0.4765491574D+01  0.2303916036D-02 -0.4344794018D-02
   495 -0.4769161760D+01  0.2301871374D-02 -0.4340200286D-02
   496 -0.4772825594D+01  0.2299836941D-02 -0.4335620759D-02
   497 -0.4776483086D+01  0.2297812631D-02 -0.4331055332D-02
   498 -0.4780134175D+01  0.2295798322D-02 -0.4326503816D-02
   499 -0.4783778934D+01  0.2293793943D-02 -0.4321966182D-02
   500 -0.4787417346D+01  0.2291799382D-02 -0.4317442332D-02
   501 -0.4791049345D+01  0.2289814519D-02 -0.4312932067D-02
   502 -0.4794674951D+01  0.2287839260D-02 -0.4308435312D-02
   503 -0.4798294201D+01  0.2285873525D-02 -0.4303951987D-02
   504 -0.4801907068D+01  0.2283917206D-02 -0.4299481991D-02
   505 -0.4805513523D+01  0.2281970191D-02 -0.4295025176D-02
   506 -0.4809113591D+01  0.2280032400D-02 -0.4290581476D-02
   507 -0.4812707285D+01  0.2278103745D-02 -0.4286150784D-02
   508 -0.4816294557D+01  0.2276184111D-02 -0.4281732974D-02
   509 -0.4819875456D+01  0.2274273424D-02 -0.4277328005D-02
   510 -0.4823449917D+01  0.2272371568D-02 -0.4272935697D-02
   511 -0.4827017975D+01  0.2270478469D-02 -0.4268555976D-02
   512 -0.4830579617D+01  0.2268594029D-02 -0.4264188766D-02
   513 -0.4834134846D+01  0.2266718164D-02 -0.4259833966D-02
   514 -0.4837683664D+01  0.2264850779D-02 -0.4255491492D-02
   515 -0.4841226070D+01  0.2262991800D-02 -0.4251161154D-02
   516 -0.4844762004D+01  0.2261141087D-02 -0.4246842949D-02
   517 -0.4848291562D+01  0.2259298615D-02 -0.4242536837D-02
   518 -0.4851814662D+01  0.2257464262D-02 -0.4238242629D-02
   519 -0.4855331349D+01  0.2255637964D-02 -0.4233960267D-02
   520 -0.4858841570D+01  0.2253819613D-02 -0.4229689632D-02
   521 -0.4862345359D+01  0.2252009144D-02 -0.4225430669D-02
   522 -0.4865842727D+01  0.2250206474D-02 -0.4221183310D-02
   523 -0.4869333622D+01  0.2248411506D-02 -0.4216947377D-02
   524 -0.4872818085D+01  0.2246624175D-02 -0.4212722872D-02
   525 -0.4876296108D+01  0.2244844397D-02 -0.4208509690D-02
   526 -0.4879767676D+01  0.2243072081D-02 -0.4204307736D-02
   527 -0.4883232788D+01  0.2241307160D-02 -0.4200116898D-02
   528 -0.4886691441D+01  0.2239549545D-02 -0.4195937125D-02
   529 -0.4890143646D+01  0.2237799167D-02 -0.4191768337D-02
   530 -0.4893589383D+01  0.2236055942D-02 -0.4187610437D-02
   531 -0.4897028646D+01  0.2234319789D-02 -0.4183463316D-02
   532 -0.4900461459D+01  0.2232590642D-02 -0.4179326948D-02
   533 -0.4903887800D+01  0.2230868424D-02 -0.4175201222D-02
   534 -0.4907307694D+01  0.2229153063D-02 -0.4171086099D-02
   535 -0.4910721080D+01  0.2227444468D-02 -0.4166981404D-02
   536 -0.4914128000D+01  0.2225742579D-02 -0.4162887134D-02
   537 -0.4917528444D+01  0.2224047320D-02 -0.4158803202D-02
   538 -0.4920922416D+01  0.2222358623D-02 -0.4154729536D-02
   539 -0.4924309950D+01  0.2220676433D-02 -0.4150666091D-02
   540 -0.4927690936D+01  0.2219000629D-02 -0.4146612671D-02
   541 -0.4931065502D+01  0.2217331199D-02 -0.4142569363D-02
   542 -0.4934433516D+01  0.2215668019D-02 -0.4138535935D-02
   543 -0.4937797571D+01  0.2214015804D-02 -0.4134515728D-02
   544 -0.4941156429D+01  0.2212372310D-02 -0.4130507039D-02
   545 -0.4944505566D+01  0.2210728581D-02 -0.4126503797D-02
   546 -0.4947848246D+01  0.2209090922D-02 -0.4122510270D-02
   547 -0.4951184474D+01  0.2207459273D-02 -0.4118526386D-02
   548 -0.4954514217D+01  0.2205833552D-02 -0.4114552039D-02
   549 -0.4957837546D+01  0.2204213730D-02 -0.4110587257D-02
   550 -0.4961154421D+01  0.2202599729D-02 -0.4106631920D-02
   551 -0.4964464816D+01  0.2200991474D-02 -0.4102685926D-02
   552 -0.4967768764D+01  0.2199388921D-02 -0.4098749247D-02
   553 -0.4971066281D+01  0.2197792011D-02 -0.4094821847D-02
   554 -0.4974357343D+01  0.2196200680D-02 -0.4090903630D-02
   555 -0.4977641966D+01  0.2194614871D-02 -0.4086994545D-02
   556 -0.4980920106D+01  0.2193034509D-02 -0.4083094472D-02
   557 -0.4984191792D+01  0.2191459544D-02 -0.4079203396D-02
   558 -0.4987457081D+01  0.2189889950D-02 -0.4075321316D-02
   559 -0.4990715853D+01  0.2188325611D-02 -0.4071448028D-02
   560 -0.4993968216D+01  0.2186766523D-02 -0.4067583587D-02
   561 -0.4997214147D+01  0.2185212616D-02 -0.4063727921D-02
   562 -0.5000453623D+01  0.2183663825D-02 -0.4059880939D-02
   563 -0.5003686648D+01  0.2182120098D-02 -0.4056042583D-02
   564 -0.5006913204D+01  0.2180581371D-02 -0.4052212762D-02
   565 -0.5010133371D+01  0.2179047624D-02 -0.4048391527D-02
   566 -0.5013347076D+01  0.2177518774D-02 -0.4044578730D-02
   567 -0.5016554357D+01  0.2175994782D-02 -0.4040774354D-02
   568 -0.5019755183D+01  0.2174475583D-02 -0.4036978296D-02
   569 -0.5022949569D+01  0.2172961131D-02 -0.4033190534D-02
   570 -0.5026137554D+01  0.2171451392D-02 -0.4029410975D-02
   571 -0.5029319047D+01  0.2169946261D-02 -0.4025639600D-02
   572 -0.5032494140D+01  0.2168445740D-02 -0.4021876379D-02
   573 -0.5035663150D+01  0.2166950399D-02 -0.4018121658D-02
   574 -0.5038825376D+01  0.2165458938D-02 -0.4014374533D-02
   575 -0.5041981220D+01  0.2163971946D-02 -0.4010635431D-02
   576 -0.5045130584D+01  0.2162489325D-02 -0.4006904167D-02
   577 -0.5048273555D+01  0.2161011071D-02 -0.4003180813D-02
   578 -0.5051410090D+01  0.2159537110D-02 -0.3999465257D-02
   579 -0.5054540239D+01  0.2158067423D-02 -0.3995757506D-02
   580 -0.5057663933D+01  0.2156601929D-02 -0.3992057412D-02
   581 -0.5060781203D+01  0.2155140589D-02 -0.3988364979D-02
   582 -0.5063892095D+01  0.2153683384D-02 -0.3984680200D-02
   583 -0.5066996544D+01  0.2152230233D-02 -0.3981002957D-02
   584 -0.5070094560D+01  0.2150781098D-02 -0.3977333187D-02
   585 -0.5073186208D+01  0.2149335965D-02 -0.3973670940D-02
   586 -0.5076271426D+01  0.2147894751D-02 -0.3970016087D-02
   587 -0.5079350236D+01  0.2146457429D-02 -0.3966368605D-02
   588 -0.5082422642D+01  0.2145023954D-02 -0.3962728432D-02
   589 -0.5085488664D+01  0.2143594291D-02 -0.3959095565D-02
   590 -0.5088548256D+01  0.2142168374D-02 -0.3955469896D-02
   591 -0.5091601476D+01  0.2140746186D-02 -0.3951851444D-02
   592 -0.5094648290D+01  0.2139327670D-02 -0.3948240106D-02
   593 -0.5097688683D+01  0.2137912772D-02 -0.3944635840D-02
   594 -0.5100722685D+01  0.2136501468D-02 -0.3941038624D-02
   595 -0.5103750327D+01  0.2135093730D-02 -0.3937448450D-02
   596 -0.5106771540D+01  0.2133689479D-02 -0.3933865180D-02
   597 -0.5109786384D+01  0.2132288706D-02 -0.3930288852D-02
   598 -0.5112799670D+01  0.2130899667D-02 -0.3926725182D-02
   599 -0.5115803150D+01  0.2129508059D-02 -0.3923164225D-02
   600 -0.5118799395D+01  0.2128118371D-02 -0.3919609022D-02
   601 -0.5121789292D+01  0.2126732052D-02 -0.3916060603D-02
   602 -0.5124772858D+01  0.2125349079D-02 -0.3912518941D-02
   603 -0.5127750116D+01  0.2123969417D-02 -0.3908984017D-02
   604 -0.5130721005D+01  0.2122592993D-02 -0.3905455707D-02
   605 -0.5133685604D+01  0.2121219816D-02 -0.3901934071D-02
   606 -0.5136643859D+01  0.2119849815D-02 -0.3898419000D-02
   607 -0.5139595762D+01  0.2118482953D-02 -0.3894910446D-02
   608 -0.5142541391D+01  0.2117119232D-02 -0.3891408443D-02
   609 -0.5145480724D+01  0.2115758606D-02 -0.3887912933D-02
   610 -0.5148413704D+01  0.2114401010D-02 -0.3884423810D-02
   611 -0.5151340435D+01  0.2113046460D-02 -0.3880941150D-02
   612 -0.5154260814D+01  0.2111694863D-02 -0.3877464789D-02
   613 -0.5157174876D+01  0.2110346198D-02 -0.3873994730D-02
   614 -0.5160082667D+01  0.2109000466D-02 -0.3870530985D-02
   615 -0.5162984187D+01  0.2107657631D-02 -0.3867073514D-02
   616 -0.5165879425D+01  0.2106317651D-02 -0.3863622258D-02
   617 -0.5168768373D+01  0.2104980495D-02 -0.3860177173D-02
   618 -0.5171651043D+01  0.2103646132D-02 -0.3856738235D-02
   619 -0.5174527467D+01  0.2102314543D-02 -0.3853305441D-02
   620 -0.5177397602D+01  0.2100985674D-02 -0.3849878697D-02
   621 -0.5180261493D+01  0.2099659521D-02 -0.3846458016D-02
   622 -0.5183119109D+01  0.2098336028D-02 -0.3843043331D-02
   623 -0.5185970497D+01  0.2097015190D-02 -0.3839634656D-02
   624 -0.5188815635D+01  0.2095696968D-02 -0.3836231919D-02
   625 -0.5191654520D+01  0.2094381326D-02 -0.3832835028D-02
   626 -0.5194487149D+01  0.2093068222D-02 -0.3829444026D-02
   627 -0.5197313595D+01  0.2091757672D-02 -0.3826058954D-02
   628 -0.5200133751D+01  0.2090449586D-02 -0.3822679633D-02
   629 -0.5202947738D+01  0.2089143999D-02 -0.3819306152D-02
   630 -0.5205755473D+01  0.2087840837D-02 -0.3815938396D-02
   631 -0.5208556983D+01  0.2086540084D-02 -0.3812576353D-02
   632 -0.5211352324D+01  0.2085241741D-02 -0.3809220046D-02
   633 -0.5214141419D+01  0.2083945733D-02 -0.3805869353D-02
   634 -0.5216924343D+01  0.2082652077D-02 -0.3802524327D-02
   635 -0.5219701054D+01  0.2081360716D-02 -0.3799184885D-02
   636 -0.5222471563D+01  0.2080071627D-02 -0.3795851005D-02
   637 -0.5225235884D+01  0.2078784794D-02 -0.3792522658D-02
   638 -0.5227994025D+01  0.2077500186D-02 -0.3789199831D-02
   639 -0.5230746030D+01  0.2076217802D-02 -0.3785882531D-02
   640 -0.5233491832D+01  0.2074937577D-02 -0.3782570655D-02
   641 -0.5236231461D+01  0.2073659498D-02 -0.3779264191D-02
   642 -0.5238964942D+01  0.2072383553D-02 -0.3775963147D-02
   643 -0.5241692271D+01  0.2071109713D-02 -0.3772667476D-02
   644 -0.5244413412D+01  0.2069837925D-02 -0.3769377113D-02
   645 -0.5247128424D+01  0.2068568201D-02 -0.3766092076D-02
   646 -0.5249837269D+01  0.2067300489D-02 -0.3762812304D-02
   647 -0.5252540015D+01  0.2066034802D-02 -0.3759537833D-02
   648 -0.5255236616D+01  0.2064771085D-02 -0.3756268585D-02
   649 -0.5257927067D+01  0.2063509314D-02 -0.3753004510D-02
   650 -0.5260611388D+01  0.2062249468D-02 -0.3749745613D-02
   651 -0.5263289623D+01  0.2060991550D-02 -0.3746491901D-02
   652 -0.5265961712D+01  0.2059735496D-02 -0.3743243283D-02
   653 -0.5268633068D+01  0.2058489538D-02 -0.3740005626D-02
   654 -0.5271293569D+01  0.2057238148D-02 -0.3736767845D-02
   655 -0.5273947990D+01  0.2055988584D-02 -0.3733535132D-02
   656 -0.5276596206D+01  0.2054740667D-02 -0.3730307327D-02
   657 -0.5279238426D+01  0.2053494607D-02 -0.3727084607D-02
   658 -0.5281874571D+01  0.2052250335D-02 -0.3723866873D-02
   659 -0.5284504655D+01  0.2051007834D-02 -0.3720654107D-02
   660 -0.5287128701D+01  0.2049767097D-02 -0.3717446303D-02
   661 -0.5289746751D+01  0.2048528124D-02 -0.3714243463D-02
   662 -0.5292358757D+01  0.2047290864D-02 -0.3711045523D-02
   663 -0.5294964725D+01  0.2046055297D-02 -0.3707852455D-02
   664 -0.5297564727D+01  0.2044821443D-02 -0.3704664303D-02
   665 -0.5300158699D+01  0.2043589244D-02 -0.3701480968D-02
   666 -0.5302746668D+01  0.2042358691D-02 -0.3698302457D-02
   667 -0.5305328668D+01  0.2041129785D-02 -0.3695128771D-02
   668 -0.5307904687D+01  0.2039902494D-02 -0.3691959874D-02
   669 -0.5310474675D+01  0.2038676770D-02 -0.3688795678D-02
   670 -0.5313038743D+01  0.2037452653D-02 -0.3685636275D-02
   671 -0.5315596857D+01  0.2036230103D-02 -0.3682481602D-02
   672 -0.5318148939D+01  0.2035009056D-02 -0.3679331555D-02
   673 -0.5320695164D+01  0.2033789591D-02 -0.3676186270D-02
   674 -0.5323235360D+01  0.2032571584D-02 -0.3673045561D-02
   675 -0.5325769682D+01  0.2031355111D-02 -0.3669909551D-02
   676 -0.5328298064D+01  0.2030140108D-02 -0.3666778150D-02
   677 -0.5330820487D+01  0.2028926545D-02 -0.3663651302D-02
   678 -0.5333337033D+01  0.2027714449D-02 -0.3660529071D-02
   679 -0.5335847660D+01  0.2026503776D-02 -0.3657411389D-02
   680 -0.5338352356D+01  0.2025294499D-02 -0.3654298215D-02
   681 -0.5340851158D+01  0.2024086623D-02 -0.3651189465D-02
   682 -0.5343344088D+01  0.2022880131D-02 -0.3648085315D-02
   683 -0.5345831113D+01  0.2021674991D-02 -0.3644985621D-02
   684 -0.5348312329D+01  0.2020471240D-02 -0.3641890453D-02
   685 -0.5350787595D+01  0.2019268775D-02 -0.3638799641D-02
   686 -0.5353257028D+01  0.2018067645D-02 -0.3635713278D-02
   687 -0.5355720597D+01  0.2016867815D-02 -0.3632631311D-02
   688 -0.5358178333D+01  0.2015669284D-02 -0.3629553745D-02
   689 -0.5360630227D+01  0.2014472027D-02 -0.3626480539D-02
   690 -0.5363076250D+01  0.2013276007D-02 -0.3623411645D-02
   691 -0.5365516440D+01  0.2012081231D-02 -0.3620347077D-02
   692 -0.5367950847D+01  0.2010887708D-02 -0.3617286859D-02
   693 -0.5370379412D+01  0.2009695385D-02 -0.3614230904D-02
   694 -0.5372802182D+01  0.2008504273D-02 -0.3611179235D-02
   695 -0.5375219136D+01  0.2007314340D-02 -0.3608131812D-02
   696 -0.5377630301D+01  0.2006125585D-02 -0.3605088635D-02
   697 -0.5380035657D+01  0.2004937978D-02 -0.3602049657D-02
   698 -0.5382435244D+01  0.2003751524D-02 -0.3599014895D-02
   699 -0.5384829094D+01  0.2002566224D-02 -0.3595984357D-02
   700 -0.5387217124D+01  0.2001382016D-02 -0.3592957941D-02
   701 -0.5389599434D+01  0.2000198937D-02 -0.3589935718D-02
   702 -0.5391975954D+01  0.1999016930D-02 -0.3586917596D-02
   703 -0.5394346756D+01  0.1997836021D-02 -0.3583903622D-02
   704 -0.5396711759D+01  0.1996656144D-02 -0.3580893698D-02
   705 -0.5399071078D+01  0.1995477352D-02 -0.3577887909D-02
   706 -0.5401424638D+01  0.1994299582D-02 -0.3574886158D-02
   707 -0.5403772479D+01  0.1993122842D-02 -0.3571888466D-02
   708 -0.5406119229D+01  0.1991953532D-02 -0.3568899450D-02
   709 -0.5408456158D+01  0.1990779486D-02 -0.3565910323D-02
   710 -0.5410787342D+01  0.1989606378D-02 -0.3562925154D-02
   711 -0.5413112829D+01  0.1988434264D-02 -0.3559943972D-02
   712 -0.5415432725D+01  0.1987263198D-02 -0.3556966859D-02
   713 -0.5417746886D+01  0.1986093077D-02 -0.3553993656D-02
   714 -0.5420055451D+01  0.1984923969D-02 -0.3551024466D-02
   715 -0.5422358379D+01  0.1983755835D-02 -0.3548059237D-02
   716 -0.5424655695D+01  0.1982588674D-02 -0.3545097968D-02
   717 -0.5426947346D+01  0.1981422442D-02 -0.3542140587D-02
   718 -0.5429233415D+01  0.1980257169D-02 -0.3539187147D-02
   719 -0.5431513881D+01  0.1979092835D-02 -0.3536237614D-02
   720 -0.5433788773D+01  0.1977929436D-02 -0.3533291992D-02
   721 -0.5436058059D+01  0.1976766942D-02 -0.3530350229D-02
   722 -0.5438321777D+01  0.1975605363D-02 -0.3527412335D-02
   723 -0.5440579909D+01  0.1974444669D-02 -0.3524478279D-02
   724 -0.5442832493D+01  0.1973284874D-02 -0.3521548076D-02
   725 -0.5445079538D+01  0.1972125968D-02 -0.3518621713D-02
   726 -0.5447321025D+01  0.1970967924D-02 -0.3515699144D-02
   727 -0.5449556959D+01  0.1969810733D-02 -0.3512780363D-02
   728 -0.5451787383D+01  0.1968654406D-02 -0.3509865386D-02
   729 -0.5454012244D+01  0.1967498897D-02 -0.3506954146D-02
   730 -0.5456231645D+01  0.1966344256D-02 -0.3504046711D-02
   731 -0.5458445490D+01  0.1965190412D-02 -0.3501142980D-02
   732 -0.5460653885D+01  0.1964037413D-02 -0.3498243029D-02
   733 -0.5462856815D+01  0.1962885239D-02 -0.3495346825D-02
   734 -0.5465054208D+01  0.1961733833D-02 -0.3492454277D-02
   735 -0.5467246209D+01  0.1960583270D-02 -0.3489565504D-02
   736 -0.5469432635D+01  0.1959433426D-02 -0.3486680283D-02
   737 -0.5471613649D+01  0.1958284384D-02 -0.3483798748D-02
   738 -0.5473789425D+01  0.1957136398D-02 -0.3480921125D-02
   739 -0.5475959565D+01  0.1955988899D-02 -0.3478046974D-02
   740 -0.5478124308D+01  0.1954842178D-02 -0.3475176495D-02
   741 -0.5480283586D+01  0.1953696178D-02 -0.3472309608D-02
   742 -0.5482437461D+01  0.1952550921D-02 -0.3469446344D-02
   743 -0.5484585919D+01  0.1951406392D-02 -0.3466586679D-02
   744 -0.5486728976D+01  0.1950262583D-02 -0.3463730607D-02
   745 -0.5488866669D+01  0.1949119508D-02 -0.3460878143D-02
   746 -0.5490998937D+01  0.1947977116D-02 -0.3458029208D-02
   747 -0.5493125867D+01  0.1946835446D-02 -0.3455183869D-02
   748 -0.5495247398D+01  0.1945694452D-02 -0.3452342050D-02
   749 -0.5497363593D+01  0.1944554159D-02 -0.3449503792D-02
   750 -0.5499474396D+01  0.1943414521D-02 -0.3446669019D-02
   751 -0.5501579935D+01  0.1942275602D-02 -0.3443837835D-02
   752 -0.5503680091D+01  0.1941137320D-02 -0.3441010114D-02
   753 -0.5505774872D+01  0.1939999667D-02 -0.3438185843D-02
   754 -0.5507864419D+01  0.1938862719D-02 -0.3435365132D-02
   755 -0.5509948597D+01  0.1937726378D-02 -0.3432547840D-02
   756 -0.5512027498D+01  0.1936590693D-02 -0.3429734036D-02
   757 -0.5514101090D+01  0.1935455630D-02 -0.3426923672D-02
   758 -0.5516169407D+01  0.1934321199D-02 -0.3424116757D-02
   759 -0.5518232431D+01  0.1933187378D-02 -0.3421313262D-02
   760 -0.5520290171D+01  0.1932054162D-02 -0.3418513177D-02
   761 -0.5522342671D+01  0.1930921564D-02 -0.3415716524D-02
   762 -0.5524389920D+01  0.1929789569D-02 -0.3412923273D-02
   763 -0.5526435070D+01  0.1928662151D-02 -0.3410136336D-02
   764 -0.5528472978D+01  0.1927532784D-02 -0.3407350916D-02
   765 -0.5530504862D+01  0.1926403002D-02 -0.3404568130D-02
   766 -0.5532531569D+01  0.1925273836D-02 -0.3401788745D-02
   767 -0.5534553070D+01  0.1924145259D-02 -0.3399012718D-02
   768 -0.5536569379D+01  0.1923017270D-02 -0.3396240047D-02
   769 -0.5538580560D+01  0.1921889895D-02 -0.3393470771D-02
   770 -0.5540586509D+01  0.1920763065D-02 -0.3390704781D-02
   771 -0.5542587346D+01  0.1919636841D-02 -0.3387942162D-02
   772 -0.5544583018D+01  0.1918511177D-02 -0.3385182859D-02
   773 -0.5546573556D+01  0.1917386088D-02 -0.3382426879D-02
   774 -0.5548558957D+01  0.1916261559D-02 -0.3379674202D-02
   775 -0.5550539231D+01  0.1915137585D-02 -0.3376924820D-02
   776 -0.5552514398D+01  0.1914014174D-02 -0.3374178738D-02
   777 -0.5554484460D+01  0.1912891312D-02 -0.3371435939D-02
   778 -0.5556449473D+01  0.1911769022D-02 -0.3368696456D-02
   779 -0.5558409336D+01  0.1910647240D-02 -0.3365960182D-02
   780 -0.5560364185D+01  0.1909526032D-02 -0.3363227225D-02
   781 -0.5562313913D+01  0.1908405328D-02 -0.3360497473D-02
   782 -0.5564258612D+01  0.1907285174D-02 -0.3357770991D-02
   783 -0.5566198240D+01  0.1906165535D-02 -0.3355047725D-02
   784 -0.5568132825D+01  0.1905046416D-02 -0.3352327686D-02
   785 -0.5570062431D+01  0.1903927850D-02 -0.3349610914D-02
   786 -0.5571986955D+01  0.1902809764D-02 -0.3346897303D-02
   787 -0.5573906479D+01  0.1901692198D-02 -0.3344186906D-02
   788 -0.5575821017D+01  0.1900575152D-02 -0.3341479724D-02
   789 -0.5577730521D+01  0.1899458587D-02 -0.3338775700D-02
   790 -0.5579635046D+01  0.1898342529D-02 -0.3336074863D-02
   791 -0.5581534623D+01  0.1897226987D-02 -0.3333377225D-02
   792 -0.5583429246D+01  0.1896111947D-02 -0.3330682695D-02
   793 -0.5585318843D+01  0.1894997359D-02 -0.3327991302D-02
   794 -0.5587203534D+01  0.1893883282D-02 -0.3325303130D-02
   795 -0.5589083215D+01  0.1892769649D-02 -0.3322618041D-02
   796 -0.5590958026D+01  0.1891656535D-02 -0.3319936145D-02
   797 -0.5592827913D+01  0.1890543898D-02 -0.3317257379D-02
   798 -0.5594692837D+01  0.1889431706D-02 -0.3314581695D-02
   799 -0.5596552884D+01  0.1888320002D-02 -0.3311909149D-02
   800 -0.5598408013D+01  0.1887208753D-02 -0.3309239696D-02
   801 -0.5600258261D+01  0.1886097974D-02 -0.3306573350D-02
   802 -0.5602103603D+01  0.1884987639D-02 -0.3303910077D-02
   803 -0.5603944084D+01  0.1883877770D-02 -0.3301249895D-02
   804 -0.5605779692D+01  0.1882768350D-02 -0.3298592786D-02
   805 -0.5607610469D+01  0.1881659394D-02 -0.3295938770D-02
   806 -0.5609436368D+01  0.1880550867D-02 -0.3293287792D-02
   807 -0.5611257443D+01  0.1879442795D-02 -0.3290639881D-02
   808 -0.5613073624D+01  0.1878335123D-02 -0.3287994967D-02
   809 -0.5614885059D+01  0.1877227937D-02 -0.3285353159D-02
   810 -0.5616691617D+01  0.1876121146D-02 -0.3282714334D-02
   811 -0.5618493398D+01  0.1875014808D-02 -0.3280078559D-02
   812 -0.5620290369D+01  0.1873908887D-02 -0.3277445795D-02
   813 -0.5622082588D+01  0.1872803415D-02 -0.3274816076D-02
   814 -0.5623870004D+01  0.1871698353D-02 -0.3272189346D-02
   815 -0.5625652635D+01  0.1870593703D-02 -0.3269565604D-02
   816 -0.5627430515D+01  0.1869489476D-02 -0.3266944867D-02
   817 -0.5629203619D+01  0.1868385652D-02 -0.3264327100D-02
   818 -0.5630973564D+01  0.1867284088D-02 -0.3261713686D-02
   819 -0.5632739215D+01  0.1866183373D-02 -0.3259103619D-02
   820 -0.5634498385D+01  0.1865081111D-02 -0.3256495012D-02
   821 -0.5636252874D+01  0.1863979287D-02 -0.3253889400D-02
   822 -0.5638002692D+01  0.1862877899D-02 -0.3251286777D-02
   823 -0.5639747990D+01  0.1861777124D-02 -0.3248687255D-02
   824 -0.5641488433D+01  0.1860676569D-02 -0.3246090539D-02
   825 -0.5643224238D+01  0.1859576454D-02 -0.3243496801D-02
   826 -0.5644955371D+01  0.1858476746D-02 -0.3240905999D-02
   827 -0.5646681860D+01  0.1857377453D-02 -0.3238318138D-02
   828 -0.5648403688D+01  0.1856278561D-02 -0.3235733197D-02
   829 -0.5650120894D+01  0.1855180086D-02 -0.3233151191D-02
   830 -0.5651833499D+01  0.1854082034D-02 -0.3230572128D-02
   831 -0.5653541488D+01  0.1852984385D-02 -0.3227995977D-02
   832 -0.5655244889D+01  0.1851887153D-02 -0.3225422751D-02
   833 -0.5656943648D+01  0.1850790297D-02 -0.3222852394D-02
   834 -0.5658637872D+01  0.1849693876D-02 -0.3220284979D-02
   835 -0.5660327454D+01  0.1848597817D-02 -0.3217720406D-02
   836 -0.5662012541D+01  0.1847502203D-02 -0.3215158781D-02
   837 -0.5663693098D+01  0.1846407006D-02 -0.3212600066D-02
   838 -0.5665369003D+01  0.1845312145D-02 -0.3210044148D-02
   839 -0.5667040432D+01  0.1844217720D-02 -0.3207491153D-02
   840 -0.5668707291D+01  0.1843123667D-02 -0.3204940999D-02
   841 -0.5670369673D+01  0.1842030036D-02 -0.3202393742D-02
   842 -0.5672027532D+01  0.1840936795D-02 -0.3199849338D-02
   843 -0.5673680874D+01  0.1839843935D-02 -0.3197307775D-02
   844 -0.5675329711D+01  0.1838751461D-02 -0.3194769052D-02
   845 -0.5676974102D+01  0.1837659402D-02 -0.3192233205D-02
   846 -0.5678614009D+01  0.1836567727D-02 -0.3189700191D-02
   847 -0.5680249399D+01  0.1835476410D-02 -0.3187169971D-02
   848 -0.5681880401D+01  0.1834385524D-02 -0.3184642524D-02
   849 -0.5683506937D+01  0.1833295011D-02 -0.3182117988D-02
   850 -0.5685128983D+01  0.1832204854D-02 -0.3179596231D-02
   851 -0.5686746614D+01  0.1831115091D-02 -0.3177077300D-02
   852 -0.5688359836D+01  0.1830025719D-02 -0.3174561186D-02
   853 -0.5689968657D+01  0.1828936737D-02 -0.3172047887D-02
   854 -0.5691573040D+01  0.1827848116D-02 -0.3169537359D-02
   855 -0.5693173037D+01  0.1826759882D-02 -0.3167029632D-02
   856 -0.5694768667D+01  0.1825672037D-02 -0.3164524709D-02
   857 -0.5696359900D+01  0.1824584561D-02 -0.3162022553D-02
   858 -0.5697946740D+01  0.1823497446D-02 -0.3159523159D-02
   859 -0.5699529279D+01  0.1822410747D-02 -0.3157026583D-02
   860 -0.5701107407D+01  0.1821324387D-02 -0.3154532729D-02
   861 -0.5702681211D+01  0.1820238412D-02 -0.3152041656D-02
   862 -0.5704250662D+01  0.1819152800D-02 -0.3149553327D-02
   863 -0.5705815820D+01  0.1818067581D-02 -0.3147067778D-02
   864 -0.5707376645D+01  0.1816982723D-02 -0.3144584964D-02
   865 -0.5708933156D+01  0.1815898235D-02 -0.3142104892D-02
   866 -0.5710485372D+01  0.1814814118D-02 -0.3139627563D-02
   867 -0.5712033286D+01  0.1813730366D-02 -0.3137152962D-02
   868 -0.5713576887D+01  0.1812646966D-02 -0.3134681067D-02
   869 -0.5715116238D+01  0.1811563946D-02 -0.3132211915D-02
   870 -0.5716651343D+01  0.1810481307D-02 -0.3129745502D-02
   871 -0.5718182133D+01  0.1809398998D-02 -0.3127281759D-02
   872 -0.5719708718D+01  0.1808317083D-02 -0.3124820761D-02
   873 -0.5721231370D+01  0.1807235852D-02 -0.3122362718D-02
   874 -0.5722752079D+01  0.1806157377D-02 -0.3119909222D-02
   875 -0.5724266184D+01  0.1805076793D-02 -0.3117456503D-02
   876 -0.5725776091D+01  0.1803996585D-02 -0.3115006490D-02
   877 -0.5727281862D+01  0.1802916791D-02 -0.3112559221D-02
   878 -0.5728783383D+01  0.1801837332D-02 -0.3110114595D-02
   879 -0.5730280793D+01  0.1800758290D-02 -0.3107672711D-02
   880 -0.5731774031D+01  0.1799679620D-02 -0.3105233507D-02
   881 -0.5733263026D+01  0.1798601275D-02 -0.3102796921D-02
   882 -0.5734747963D+01  0.1797523360D-02 -0.3100363082D-02
   883 -0.5736228729D+01  0.1796445803D-02 -0.3097931893D-02
   884 -0.5737705360D+01  0.1795368619D-02 -0.3095503371D-02
   885 -0.5739177941D+01  0.1794291854D-02 -0.3093077570D-02
   886 -0.5740646299D+01  0.1793215400D-02 -0.3090654347D-02
   887 -0.5742110595D+01  0.1792139347D-02 -0.3088233816D-02
   888 -0.5743570865D+01  0.1791063711D-02 -0.3085815991D-02
   889 -0.5745026960D+01  0.1789988400D-02 -0.3083400748D-02
   890 -0.5746479033D+01  0.1788913497D-02 -0.3080988196D-02
   891 -0.5747927018D+01  0.1787838959D-02 -0.3078578271D-02
   892 -0.5749370943D+01  0.1786764799D-02 -0.3076170985D-02
   893 -0.5750810827D+01  0.1785691019D-02 -0.3073766340D-02
   894 -0.5752246701D+01  0.1784617637D-02 -0.3071364353D-02
   895 -0.5753678496D+01  0.1783544602D-02 -0.3068964958D-02
   896 -0.5755106289D+01  0.1782471960D-02 -0.3066568203D-02
   897 -0.5756530074D+01  0.1781399699D-02 -0.3064174074D-02
   898 -0.5757949836D+01  0.1780327809D-02 -0.3061782549D-02
   899 -0.5759365629D+01  0.1779256315D-02 -0.3059393659D-02
   900 -0.5760777429D+01  0.1778185198D-02 -0.3057007375D-02
   901 -0.5762185269D+01  0.1777114469D-02 -0.3054623711D-02
   902 -0.5763589050D+01  0.1776044070D-02 -0.3052242585D-02
   903 -0.5764989015D+01  0.1774974130D-02 -0.3049864141D-02
   904 -0.5766384906D+01  0.1773904496D-02 -0.3047488140D-02
   905 -0.5767776906D+01  0.1772835273D-02 -0.3045114846D-02
   906 -0.5769164942D+01  0.1771766413D-02 -0.3042744119D-02
   907 -0.5770549045D+01  0.1770697928D-02 -0.3040375970D-02
   908 -0.5771929251D+01  0.1769629838D-02 -0.3038010418D-02
   909 -0.5773305592D+01  0.1768562203D-02 -0.3035647475D-02
   910 -0.5774678021D+01  0.1767494896D-02 -0.3033287098D-02
   911 -0.5776046522D+01  0.1766427948D-02 -0.3030929263D-02
   912 -0.5777411181D+01  0.1765361406D-02 -0.3028574024D-02
   913 -0.5778771903D+01  0.1764295210D-02 -0.3026221302D-02
   914 -0.5780128791D+01  0.1763229413D-02 -0.3023871162D-02
   915 -0.5781481778D+01  0.1762163975D-02 -0.3021523546D-02
   916 -0.5782830973D+01  0.1761098952D-02 -0.3019178525D-02
   917 -0.5784176296D+01  0.1760034296D-02 -0.3016836027D-02
   918 -0.5785517731D+01  0.1758969988D-02 -0.3014496035D-02
   919 -0.5786855440D+01  0.1757906123D-02 -0.3012158656D-02
   920 -0.5788189236D+01  0.1756842581D-02 -0.3009823741D-02
   921 -0.5789519318D+01  0.1755779481D-02 -0.3007491429D-02
   922 -0.5790845543D+01  0.1754716728D-02 -0.3005161605D-02
   923 -0.5792167984D+01  0.1753654366D-02 -0.3002834314D-02
   924 -0.5793486673D+01  0.1752592405D-02 -0.3000509569D-02
   925 -0.5794801520D+01  0.1751530790D-02 -0.2998187291D-02
   926 -0.5796112641D+01  0.1750469583D-02 -0.2995867561D-02
   927 -0.5797420004D+01  0.1749408760D-02 -0.2993550344D-02
   928 -0.5798723616D+01  0.1748348323D-02 -0.2991235634D-02
   929 -0.5800025860D+01  0.1747290517D-02 -0.2988925225D-02
   930 -0.5801322181D+01  0.1746231032D-02 -0.2986615660D-02
   931 -0.5802614805D+01  0.1745171952D-02 -0.2984308615D-02
   932 -0.5803903742D+01  0.1744113284D-02 -0.2982004089D-02
   933 -0.5805188958D+01  0.1743054999D-02 -0.2979702045D-02
   934 -0.5806470481D+01  0.1741997111D-02 -0.2977402494D-02
   935 -0.5807748369D+01  0.1740939647D-02 -0.2975105470D-02
   936 -0.5809022517D+01  0.1739882545D-02 -0.2972810888D-02
   937 -0.5810293038D+01  0.1738825863D-02 -0.2970518821D-02
   938 -0.5811559908D+01  0.1737769589D-02 -0.2968229240D-02
   939 -0.5812823154D+01  0.1736713728D-02 -0.2965942158D-02
   940 -0.5814082757D+01  0.1735658267D-02 -0.2963657551D-02
   941 -0.5815338711D+01  0.1734603199D-02 -0.2961375403D-02
   942 -0.5816591047D+01  0.1733548535D-02 -0.2959095731D-02
   943 -0.5817839765D+01  0.1732494276D-02 -0.2956818525D-02
   944 -0.5819084925D+01  0.1731440449D-02 -0.2954543818D-02
   945 -0.5820326443D+01  0.1730387001D-02 -0.2952271541D-02
   946 -0.5821564407D+01  0.1729333980D-02 -0.2950001748D-02
   947 -0.5822798792D+01  0.1728281369D-02 -0.2947734412D-02
   948 -0.5824029580D+01  0.1727229149D-02 -0.2945469512D-02
   949 -0.5825256834D+01  0.1726177358D-02 -0.2943207084D-02
   950 -0.5826480495D+01  0.1725125953D-02 -0.2940947077D-02
   951 -0.5827700679D+01  0.1724075000D-02 -0.2938689563D-02
   952 -0.5828917318D+01  0.1723024454D-02 -0.2936434487D-02
   953 -0.5830130356D+01  0.1721974279D-02 -0.2934181799D-02
   954 -0.5831339955D+01  0.1720924564D-02 -0.2931931606D-02
   955 -0.5832546036D+01  0.1719875262D-02 -0.2929683842D-02
   956 -0.5833748572D+01  0.1718826351D-02 -0.2927438481D-02
   957 -0.5834947646D+01  0.1717777875D-02 -0.2925195572D-02
   958 -0.5836143208D+01  0.1716729801D-02 -0.2922955070D-02
   959 -0.5837335326D+01  0.1715682168D-02 -0.2920716941D-02
   960 -0.5838523975D+01  0.1714634951D-02 -0.2918481269D-02
   961 -0.5839709120D+01  0.1713588131D-02 -0.2916248012D-02
   962 -0.5840890822D+01  0.1712541736D-02 -0.2914017179D-02
   963 -0.5842069117D+01  0.1711495785D-02 -0.2911788782D-02
   964 -0.5843243948D+01  0.1710450245D-02 -0.2909562774D-02
   965 -0.5844415380D+01  0.1709405138D-02 -0.2907339192D-02
   966 -0.5845583345D+01  0.1708360431D-02 -0.2905117982D-02
   967 -0.5846747902D+01  0.1707316151D-02 -0.2902899173D-02
   968 -0.5847909107D+01  0.1706272326D-02 -0.2900682799D-02
   969 -0.5849066883D+01  0.1705228912D-02 -0.2898468796D-02
   970 -0.5850221245D+01  0.1704185909D-02 -0.2896257166D-02
   971 -0.5851372233D+01  0.1703143336D-02 -0.2894047930D-02
   972 -0.5852519933D+01  0.1702101241D-02 -0.2891841138D-02
   973 -0.5853664111D+01  0.1701059483D-02 -0.2889636618D-02
   974 -0.5854805079D+01  0.1700018242D-02 -0.2887434580D-02
   975 -0.5855942632D+01  0.1698977390D-02 -0.2885234873D-02
   976 -0.5857076840D+01  0.1697936970D-02 -0.2883037537D-02
   977 -0.5858207705D+01  0.1696896977D-02 -0.2880842566D-02
   978 -0.5859335263D+01  0.1695857425D-02 -0.2878649974D-02
   979 -0.5860459528D+01  0.1694818322D-02 -0.2876459766D-02
   980 -0.5861580446D+01  0.1693779631D-02 -0.2874271894D-02
   981 -0.5862698053D+01  0.1692741371D-02 -0.2872086376D-02
   982 -0.5863812452D+01  0.1691703595D-02 -0.2869903273D-02
   983 -0.5864923445D+01  0.1690666187D-02 -0.2867722443D-02
   984 -0.5866033059D+01  0.1689630815D-02 -0.2865545315D-02
   985 -0.5867137708D+01  0.1688594446D-02 -0.2863369328D-02
   986 -0.5868239098D+01  0.1687558517D-02 -0.2861195689D-02
   987 -0.5869337290D+01  0.1686523063D-02 -0.2859024433D-02
   988 -0.5870432164D+01  0.1685488014D-02 -0.2856855469D-02
   989 -0.5871523895D+01  0.1684453463D-02 -0.2854688909D-02
   990 -0.5872612338D+01  0.1683419324D-02 -0.2852524645D-02
   991 -0.5873697645D+01  0.1682385684D-02 -0.2850362774D-02
   992 -0.5874779683D+01  0.1681352459D-02 -0.2848203196D-02
   993 -0.5875858528D+01  0.1680319690D-02 -0.2846045956D-02
   994 -0.5876934214D+01  0.1679287391D-02 -0.2843891068D-02
   995 -0.5878006676D+01  0.1678255525D-02 -0.2841738481D-02
   996 -0.5879076002D+01  0.1677224164D-02 -0.2839588248D-02
   997 -0.5880142202D+01  0.1676193258D-02 -0.2837440365D-02
   998 -0.5881205128D+01  0.1675162745D-02 -0.2835294724D-02
   999 -0.5882264991D+01  0.1674132743D-02 -0.2833151463D-02
  1000 -0.5883321683D+01  0.1673103183D-02 -0.2831010498D-02
  1001 -0.5884375272D+01  0.1672074104D-02 -0.2828871870D-02
  1002 -0.5885425704D+01  0.1671045472D-02 -0.2826735533D-02
  1003 -0.5886473023D+01  0.1670017304D-02 -0.2824601509D-02
  1004 -0.5887517204D+01  0.1668989589D-02 -0.2822469774D-02
  1005 -0.5888558321D+01  0.1667962359D-02 -0.2820340370D-02
  1006 -0.5889596323D+01  0.1666935585D-02 -0.2818213253D-02
  1007 -0.5890631250D+01  0.1665909288D-02 -0.2816088447D-02
  1008 -0.5891663079D+01  0.1664883448D-02 -0.2813965924D-02
  1009 -0.5892691857D+01  0.1663858092D-02 -0.2811845711D-02
  1010 -0.5893717531D+01  0.1662833183D-02 -0.2809727762D-02
  1011 -0.5894740186D+01  0.1661808767D-02 -0.2807612130D-02
  1012 -0.5895759785D+01  0.1660784821D-02 -0.2805498780D-02
  1013 -0.5896776265D+01  0.1659761302D-02 -0.2803387663D-02
  1014 -0.5897789840D+01  0.1658738335D-02 -0.2801278909D-02
  1015 -0.5898800343D+01  0.1657715816D-02 -0.2799172307D-02
  1016 -0.5899807814D+01  0.1656693766D-02 -0.2797068067D-02
  1017 -0.5900812292D+01  0.1655672203D-02 -0.2794966114D-02
  1018 -0.5901813724D+01  0.1654651093D-02 -0.2792866401D-02
  1019 -0.5902812170D+01  0.1653630471D-02 -0.2790768970D-02
  1020 -0.5903807651D+01  0.1652610344D-02 -0.2788673820D-02
  1021 -0.5904800116D+01  0.1651590676D-02 -0.2786580911D-02
  1022 -0.5905789619D+01  0.1650571497D-02 -0.2784490270D-02
  1023 -0.5906776200D+01  0.1649552828D-02 -0.2782401919D-02
  1024 -0.5907759788D+01  0.1648534622D-02 -0.2780315803D-02
